0,90
1,65
2,140
3,62
4,228
5,313
6,67
7,68
8,63
9,67
10,103
11,235
12,447
13,118
14,59
15,78
16,222
17,68
18,102
19,78
20,343
21,329
22,100
23,452
24,76
25,210
26,78
27,241
28,67
29,79
30,65
31,62
32,77
33,254
34,67
35,98
36,67
37,80
38,59
39,341
40,65
41,95
42,217
43,99
44,80
45,70
46,65
47,86
48,75
49,247
50,59
51,99
52,460
53,78
54,68
55,79
56,391
57,324
58,65
59,105
60,78
61,97
62,78
63,94
64,472
65,371
66,234
67,208
68,205
69,67
70,68
71,118
72,75
73,99
74,81
75,63
76,65
77,67
78,517
79,68
80,79
81,78
82,65
83,539
84,62
85,59
86,97
87,78
88,66
89,62
90,65
91,237
92,59
93,65
94,65
95,251
96,78
97,65
98,67
99,318
100,67
101,97
102,75
103,59
104,68
105,63
106,65
107,67
108,245
109,100
110,236
111,281
112,153
113,63
114,89
115,66
116,68
117,65
118,59
119,559
120,65
121,61
122,99
123,98
124,102
125,67
126,63
127,560
128,68
129,63
130,222
131,70
132,67
133,103
134,65
135,99
136,67
137,65
138,214
139,412
140,103
141,89
142,78
143,78
144,63
145,98
146,102
147,341
148,59
149,314
150,454
151,62
152,76
153,64
154,65
155,99
156,65
157,243
158,99
159,67
160,103
161,131
162,65
163,100
164,67
165,77
166,432
167,98
168,62
169,76
170,75
171,99
172,213
173,65
174,358
175,65
176,59
177,65
178,446
179,102
180,514
181,68
182,75
183,99
184,80
185,225
186,86
187,73
188,80
189,448
190,98
191,63
192,103
193,496
194,68
195,59
196,100
197,98
198,63
199,123
200,107
201,98
202,438
203,237
204,321
205,100
206,67
207,76
208,75
209,67
210,159
211,119
212,78
213,104
214,78
215,80
216,78
217,69
218,97
219,67
220,75
221,63
222,59
223,78
224,78
225,60
226,78
227,98
228,496
229,238
230,65
231,67
232,65
233,62
234,100
235,123
236,60
237,78
238,68
239,101
240,64
241,100
242,422
243,444
244,60
245,216
246,98
247,135
248,86
249,65
250,499
251,97
252,67
253,76
254,505
255,78
256,67
257,59
258,64
259,98
260,64
261,67
262,462
263,67
264,77
265,100
266,233
267,80
268,390
269,65
270,67
271,63
272,320
273,97
274,59
275,59
276,64
277,100
278,76
279,99
280,65
281,85
282,68
283,86
284,68
285,59
286,327
287,75
288,126
289,61
290,59
291,100
292,79
293,103
294,118
295,294
296,68
297,100
298,117
299,64
300,87
301,248
302,352
303,78
304,65
305,68
306,78
307,68
308,68
309,102
310,75
311,81
312,97
313,328
314,62
315,79
316,67
317,67
318,67
319,67
320,62
321,78
322,75
323,77
324,69
325,414
326,67
327,234
328,78
329,67
330,375
331,75
332,230
333,462
334,228
335,75
336,65
337,78
338,99
339,219
340,373
341,96
342,66
343,327
344,222
345,75
346,503
347,97
348,519
349,59
350,97
351,68
352,67
353,77
354,538
355,65
356,334
357,77
358,348
359,368
360,97
361,59
362,321
363,69
364,97
365,63
366,106
367,60
368,68
369,59
370,319
371,66
372,67
373,75
374,67
375,65
376,65
377,83
378,67
379,505
380,119
381,67
382,66
383,78
384,68
385,59
386,65
387,76
388,202
389,62
390,76
391,103
392,100
393,65
394,97
395,128
396,65
397,76
398,114
399,102
400,67
401,66
402,78
403,78
404,65
405,92
406,63
407,63
408,99
409,116
410,98
411,69
412,100
413,68
414,67
415,60
416,105
417,270
418,79
419,69
420,475
421,452
422,102
423,328
424,99
425,97
426,350
427,67
428,75
429,98
430,98
431,230
432,68
433,351
434,67
435,78
436,207
437,229
438,327
439,67
440,65
441,99
442,65
443,75
444,100
445,83
446,67
447,356
448,68
449,67
450,78
451,215
452,63
453,256
454,76
455,101
456,63
457,65
458,59
459,65
460,341
461,78
462,103
463,509
464,74
465,78
466,66
467,104
468,80
469,68
470,85
471,63
472,466
473,244
474,349
475,240
476,67
477,79
478,97
479,65
480,368
481,67
482,358
483,75
484,65
485,78
486,75
487,76
488,101
489,104
490,67
491,110
492,131
493,79
494,258
495,311
496,97
497,59
498,68
499,216
500,59
501,78
502,99
503,67
504,78
505,59
506,297
507,79
508,91
509,67
510,59
511,78
512,248
513,542
514,67
515,435
516,66
517,67
518,97
519,67
520,76
521,63
522,99
523,99
524,78
525,67
526,76
527,102
528,75
529,99
530,74
531,101
532,72
533,97
534,67
535,67
536,78
537,98
538,65
539,99
540,64
541,72
542,97
543,249
544,119
545,140
546,67
547,107
548,68
549,88
550,63
551,102
552,59
553,369
554,102
555,75
556,63
557,97
558,86
559,348
560,338
561,106
562,62
563,514
564,67
565,75
566,100
567,68
568,436
569,59
570,67
571,101
572,60
573,92
574,219
575,79
576,78
577,67
578,78
579,61
580,67
581,97
582,284
583,66
584,67
585,105
586,102
587,65
588,59
589,75
590,68
591,237
592,122
593,62
594,67
595,66
596,315
597,61
598,68
599,67
600,93
601,67
602,66
603,98
604,280
605,103
606,98
607,67
608,65
609,128
610,119
611,104
612,318
613,100
614,65
615,67
616,90
617,78
618,107
619,102
620,338
621,102
622,65
623,480
624,78
625,102
626,81
627,64
628,455
629,78
630,67
631,98
632,406
633,68
634,482
635,101
636,99
637,97
638,69
639,78
640,59
641,213
642,264
643,79
644,222
645,80
646,79
647,68
648,119
649,124
650,507
651,69
652,448
653,98
654,104
655,127
656,69
657,130
658,63
659,80
660,60
661,528
662,60
663,76
664,101
665,62
666,67
667,67
668,65
669,305
670,241
671,68
672,351
673,78
674,239
675,78
676,67
677,65
678,97
679,162
680,98
681,65
682,65
683,65
684,102
685,62
686,229
687,103
688,59
689,515
690,105
691,62
692,78
693,103
694,78
695,78
696,67
697,98
698,503
699,76
700,65
701,59
702,69
703,508
704,65
705,63
706,97
707,237
708,80
709,92
710,102
711,75
712,69
713,484
714,99
715,64
716,98
717,67
718,104
719,397
720,66
721,87
722,99
723,78
724,77
725,222
726,123
727,65
728,214
729,102
730,222
731,65
732,80
733,69
734,497
735,67
736,111
737,103
738,102
739,59
740,82
741,531
742,63
743,68
744,513
745,101
746,258
747,246
748,63
749,229
750,65
751,100
752,67
753,62
754,381
755,99
756,59
757,78
758,339
759,65
760,67
761,102
762,478
763,63
764,67
765,68
766,77
767,82
768,60
769,65
770,502
771,59
772,99
773,67
774,229
775,71
776,65
777,75
778,77
779,76
780,79
781,77
782,98
783,63
784,97
785,334
786,75
787,78
788,67
789,65
790,78
791,70
792,59
793,233
794,75
795,107
796,78
797,104
798,66
799,78
800,59
801,228
802,83
803,80
804,216
805,60
806,80
807,67
808,79
809,76
810,67
811,63
812,79
813,68
814,70
815,105
816,120
817,98
818,126
819,78
820,60
821,252
822,66
823,236
824,97
825,97
826,66
827,241
828,491
829,97
830,452
831,98
832,196
833,92
834,339
835,67
836,100
837,84
838,99
839,77
840,60
841,104
842,65
843,504
844,60
845,66
846,273
847,97
848,78
849,75
850,207
851,236
852,88
853,67
854,78
855,76
856,209
857,66
858,78
859,80
860,68
861,128
862,98
863,67
864,99
865,99
866,97
867,65
868,507
869,243
870,68
871,467
872,105
873,435
874,65
875,268
876,68
877,69
878,79
879,80
880,75
881,68
882,69
883,290
884,60
885,98
886,219
887,99
888,78
889,75
890,59
891,73
892,65
893,75
894,65
895,70
896,375
897,65
898,98
899,527
900,75
901,65
902,67
903,63
904,292
905,521
906,68
907,97
908,67
909,98
910,65
911,222
912,63
913,86
914,62
915,65
916,326
917,107
918,97
919,78
920,78
921,75
922,345
923,68
924,105
925,103
926,65
927,67
928,88
929,69
930,75
931,221
932,100
933,68
934,65
935,106
936,103
937,65
938,64
939,86
940,223
941,62
942,103
943,229
944,85
945,449
946,219
947,99
948,90
949,65
950,221
951,59
952,97
953,68
954,103
955,100
956,439
957,97
958,118
959,428
960,94
961,102
962,100
963,101
964,71
965,313
966,152
967,100
968,64
969,68
970,67
971,247
972,77
973,81
974,63
975,68
976,97
977,251
978,65
979,63
980,233
981,63
982,69
983,67
984,97
985,78
986,63
987,100
988,78
989,60
990,546
991,75
992,118
993,68
994,346
995,86
996,67
997,78
998,102
999,59
1000,77
1001,439
1002,65
1003,87
1004,64
1005,388
1006,62
1007,82
1008,97
1009,225
1010,82
1011,99
1012,59
1013,98
1014,331
1015,87
1016,102
1017,75
1018,69
1019,67
1020,97
1021,79
1022,64
1023,418
1024,69
1025,64
1026,99
1027,118
1028,123
1029,101
1030,75
1031,79
1032,97
1033,65
1034,66
1035,63
1036,67
1037,119
1038,101
1039,99
1040,65
1041,99
1042,440
1043,97
1044,65
1045,99
1046,102
1047,67
1048,97
1049,59
1050,97
1051,73
1052,63
1053,101
1054,134
1055,123
1056,433
1057,335
1058,65
1059,59
1060,101
1061,97
1062,501
1063,66
1064,123
1065,59
1066,119
1067,97
1068,69
1069,75
1070,123
1071,67
1072,78
1073,267
1074,67
1075,98
1076,99
1077,104
1078,67
1079,99
1080,468
1081,66
1082,123
1083,229
1084,68
1085,78
1086,67
1087,68
1088,108
1089,75
1090,75
1091,65
1092,103
1093,322
1094,123
1095,65
1096,97
1097,59
1098,259
1099,143
1100,68
1101,65
1102,97
1103,78
1104,67
1105,461
1106,63
1107,97
1108,78
1109,220
1110,374
1111,105
1112,84
1113,64
1114,59
1115,65
1116,85
1117,123
1118,530
1119,98
1120,78
1121,119
1122,67
1123,97
1124,214
1125,97
1126,100
1127,76
1128,63
1129,76
1130,67
1131,104
1132,63
1133,63
1134,259
1135,78
1136,119
1137,84
1138,104
1139,78
1140,63
1141,553
1142,63
1143,104
1144,65
1145,82
1146,59
1147,76
1148,437
1149,67
1150,62
1151,59
1152,75
1153,75
1154,98
1155,63
1156,68
1157,65
1158,75
1159,79
1160,121
1161,75
1162,252
1163,80
1164,100
1165,78
1166,59
1167,104
1168,67
1169,78
1170,563
1171,318
1172,297
1173,79
1174,79
1175,502
1176,60
1177,65
1178,67
1179,69
1180,528
1181,71
1182,100
1183,231
1184,75
1185,68
1186,538
1187,86
1188,68
1189,71
1190,91
1191,102
1192,105
1193,102
1194,512
1195,119
1196,195
1197,331
1198,78
1199,102
1200,77
1201,99
1202,105
1203,467
1204,67
1205,523
1206,67
1207,103
1208,98
1209,337
1210,59
1211,78
1212,65
1213,75
1214,143
1215,67
1216,97
1217,103
1218,67
1219,238
1220,393
1221,220
1222,160
1223,65
1224,59
1225,69
1226,60
1227,285
1228,67
1229,65
1230,132
1231,265
1232,66
1233,65
1234,67
1235,78
1236,68
1237,102
1238,60
1239,75
1240,60
1241,80
1242,60
1243,528
1244,257
1245,65
1246,60
1247,104
1248,69
1249,78
1250,65
1251,101
1252,67
1253,67
1254,86
1255,67
1256,68
1257,78
1258,67
1259,103
1260,67
1261,445
1262,75
1263,99
1264,99
1265,228
1266,451
1267,533
1268,63
1269,462
1270,103
1271,97
1272,78
1273,438
1274,85
1275,78
1276,59
1277,439
1278,81
1279,65
1280,106
1281,77
1282,77
1283,78
1284,103
1285,100
1286,65
1287,65
1288,77
1289,97
1290,67
1291,67
1292,102
1293,307
1294,77
1295,106
1296,63
1297,94
1298,68
1299,78
1300,65
1301,475
1302,340
1303,79
1304,58
1305,100
1306,78
1307,68
1308,82
1309,337
1310,420
1311,311
1312,65
1313,100
1314,328
1315,62
1316,65
1317,67
1318,63
1319,59
1320,457
1321,65
1322,424
1323,205
1324,131
1325,125
1326,87
1327,93
1328,104
1329,77
1330,81
1331,437
1332,59
1333,227
1334,78
1335,102
1336,99
1337,488
1338,64
1339,66
1340,68
1341,99
1342,63
1343,224
1344,59
1345,67
1346,68
1347,65
1348,99
1349,477
1350,507
1351,483
1352,102
1353,69
1354,67
1355,117
1356,69
1357,98
1358,63
1359,327
1360,79
1361,64
1362,118
1363,530
1364,103
1365,131
1366,63
1367,101
1368,62
1369,97
1370,99
1371,85
1372,97
1373,75
1374,99
1375,101
1376,75
1377,75
1378,243
1379,215
1380,64
1381,75
1382,68
1383,247
1384,63
1385,65
1386,62
1387,122
1388,550
1389,63
1390,59
1391,83
1392,108
1393,523
1394,85
1395,104
1396,96
1397,97
1398,75
1399,125
1400,67
1401,75
1402,72
1403,78
1404,65
1405,63
1406,78
1407,62
1408,77
1409,98
1410,98
1411,80
1412,77
1413,65
1414,59
1415,246
1416,97
1417,126
1418,75
1419,482
1420,65
1421,341
1422,117
1423,78
1424,76
1425,65
1426,59
1427,117
1428,98
1429,59
1430,78
1431,64
1432,70
1433,62
1434,436
1435,311
1436,460
1437,60
1438,68
1439,65
1440,67
1441,78
1442,78
1443,99
1444,164
1445,67
1446,129
1447,303
1448,264
1449,75
1450,98
1451,67
1452,65
1453,444
1454,125
1455,77
1456,514
1457,75
1458,76
1459,67
1460,494
1461,79
1462,524
1463,100
1464,75
1465,80
1466,103
1467,488
1468,216
1469,361
1470,142
1471,332
1472,65
1473,93
1474,69
1475,235
1476,100
1477,256
1478,98
1479,98
1480,100
1481,246
1482,78
1483,104
1484,67
1485,79
1486,493
1487,67
1488,126
1489,65
1490,65
1491,78
1492,62
1493,98
1494,457
1495,122
1496,65
1497,76
1498,99
1499,59
1500,290
1501,76
1502,79
1503,68
1504,61
1505,67
1506,447
1507,78
1508,97
1509,63
1510,451
1511,67
1512,105
1513,107
1514,119
1515,520
1516,63
1517,59
1518,100
1519,66
1520,97
1521,79
1522,98
1523,63
1524,63
1525,77
1526,98
1527,99
1528,78
1529,67
1530,60
1531,63
1532,99
1533,78
1534,270
1535,88
1536,78
1537,103
1538,97
1539,121
1540,67
1541,77
1542,65
1543,75
1544,61
1545,75
1546,68
1547,65
1548,323
1549,97
1550,218
1551,286
1552,70
1553,76
1554,65
1555,65
1556,76
1557,102
1558,60
1559,80
1560,70
1561,88
1562,59
1563,67
1564,103
1565,319
1566,100
1567,103
1568,535
1569,99
1570,81
1571,333
1572,104
1573,60
1574,67
1575,98
1576,67
1577,65
1578,97
1579,70
1580,63
1581,239
1582,63
1583,67
1584,59
1585,68
1586,461
1587,99
1588,101
1589,472
1590,313
1591,99
1592,99
1593,127
1594,213
1595,214
1596,71
1597,102
1598,352
1599,79
1600,98
1601,464
1602,61
1603,65
1604,65
1605,83
1606,104
1607,75
1608,352
1609,225
1610,59
1611,67
1612,104
1613,237
1614,531
1615,281
1616,68
1617,75
1618,59
1619,78
1620,67
1621,100
1622,63
1623,470
1624,78
1625,69
1626,85
1627,511
1628,65
1629,122
1630,68
1631,103
1632,78
1633,291
1634,126
1635,63
1636,66
1637,108
1638,78
1639,224
1640,68
1641,233
1642,74
1643,101
1644,65
1645,98
1646,78
1647,80
1648,105
1649,59
1650,59
1651,509
1652,339
1653,73
1654,429
1655,468
1656,59
1657,67
1658,77
1659,328
1660,103
1661,344
1662,68
1663,78
1664,105
1665,65
1666,63
1667,77
1668,66
1669,62
1670,79
1671,75
1672,502
1673,100
1674,99
1675,67
1676,69
1677,395
1678,71
1679,117
1680,78
1681,99
1682,97
1683,64
1684,461
1685,237
1686,433
1687,63
1688,68
1689,78
1690,102
1691,235
1692,263
1693,98
1694,247
1695,67
1696,286
1697,123
1698,63
1699,63
1700,76
1701,69
1702,73
1703,65
1704,79
1705,65
1706,67
1707,97
1708,75
1709,97
1710,97
1711,473
1712,102
1713,100
1714,504
1715,69
1716,67
1717,312
1718,98
1719,75
1720,78
1721,76
1722,67
1723,118
1724,78
1725,102
1726,78
1727,67
1728,69
1729,78
1730,551
1731,58
1732,59
1733,321
1734,67
1735,67
1736,362
1737,65
1738,67
1739,143
1740,65
1741,318
1742,69
1743,75
1744,68
1745,263
1746,243
1747,439
1748,59
1749,59
1750,97
1751,132
1752,59
1753,67
1754,119
1755,65
1756,68
1757,73
1758,66
1759,75
1760,67
1761,67
1762,100
1763,407
1764,78
1765,59
1766,513
1767,65
1768,101
1769,80
1770,59
1771,59
1772,67
1773,65
1774,119
1775,500
1776,377
1777,59
1778,376
1779,229
1780,120
1781,67
1782,59
1783,376
1784,80
1785,63
1786,99
1787,67
1788,102
1789,63
1790,78
1791,364
1792,60
1793,67
1794,78
1795,343
1796,63
1797,462
1798,73
1799,97
1800,67
1801,78
1802,67
1803,72
1804,59
1805,97
1806,63
1807,63
1808,118
1809,63
1810,65
1811,59
1812,67
1813,97
1814,96
1815,68
1816,71
1817,65
1818,166
1819,105
1820,68
1821,75
1822,67
1823,62
1824,98
1825,65
1826,314
1827,114
1828,97
1829,119
1830,63
1831,74
1832,99
1833,98
1834,78
1835,67
1836,79
1837,261
1838,97
1839,494
1840,62
1841,98
1842,65
1843,67
1844,275
1845,102
1846,68
1847,221
1848,67
1849,74
1850,97
1851,98
1852,62
1853,121
1854,102
1855,67
1856,76
1857,75
1858,342
1859,97
1860,426
1861,73
1862,69
1863,132
1864,102
1865,97
1866,67
1867,317
1868,63
1869,98
1870,102
1871,63
1872,100
1873,59
1874,67
1875,497
1876,316
1877,59
1878,79
1879,100
1880,59
1881,78
1882,241
1883,79
1884,78
1885,97
1886,59
1887,135
1888,100
1889,100
1890,59
1891,62
1892,99
1893,59
1894,409
1895,65
1896,85
1897,59
1898,59
1899,322
1900,102
1901,67
1902,66
1903,325
1904,67
1905,72
1906,62
1907,97
1908,103
1909,67
1910,233
1911,67
1912,76
1913,60
1914,254
1915,79
1916,77
1917,69
1918,63
1919,102
1920,68
1921,252
1922,393
1923,432
1924,81
1925,69
1926,98
1927,99
1928,566
1929,63
1930,223
1931,59
1932,126
1933,68
1934,68
1935,74
1936,63
1937,78
1938,65
1939,63
1940,99
1941,97
1942,79
1943,61
1944,140
1945,459
1946,59
1947,59
1948,60
1949,67
1950,512
1951,75
1952,80
1953,98
1954,97
1955,228
1956,100
1957,102
1958,515
1959,70
1960,240
1961,220
1962,69
1963,103
1964,77
1965,67
1966,97
1967,99
1968,69
1969,78
1970,104
1971,59
1972,68
1973,506
1974,333
1975,98
1976,59
1977,103
1978,67
1979,78
1980,97
1981,66
1982,105
1983,59
1984,59
1985,67
1986,98
1987,140
1988,99
1989,73
1990,97
1991,79
1992,78
1993,335
1994,100
1995,431
1996,99
1997,65
1998,198
1999,126
2000,258
2001,344
2002,64
2003,67
2004,98
2005,65
2006,234
2007,236
2008,78
2009,78
2010,62
2011,78
2012,102
2013,220
2014,82
2015,64
2016,78
2017,428
2018,65
2019,65
2020,83
2021,466
2022,65
2023,193
2024,237
2025,69
2026,75
2027,76
2028,66
2029,80
2030,78
2031,537
2032,61
2033,59
2034,78
2035,78
2036,59
2037,99
2038,67
2039,62
2040,106
2041,59
2042,98
2043,68
2044,104
2045,365
2046,102
2047,81
2048,97
2049,75
2050,75
2051,68
2052,80
2053,77
2054,59
2055,60
2056,103
2057,69
2058,117
2059,66
2060,60
2061,65
2062,470
2063,67
2064,65
2065,64
2066,78
2067,66
2068,66
2069,67
2070,98
2071,80
2072,102
2073,65
2074,59
2075,65
2076,65
2077,76
2078,59
2079,59
2080,251
2081,100
2082,496
2083,78
2084,59
2085,83
2086,86
2087,119
2088,265
2089,67
2090,164
2091,97
2092,66
2093,62
2094,515
2095,79
2096,69
2097,175
2098,67
2099,65
2100,59
2101,78
2102,77
2103,59
2104,64
2105,86
2106,69
2107,78
2108,90
2109,325
2110,99
2111,59
2112,65
2113,78
2114,78
2115,105
2116,77
2117,65
2118,67
2119,72
2120,62
2121,60
2122,120
2123,66
2124,516
2125,68
2126,79
2127,75
2128,75
2129,97
2130,59
2131,99
2132,68
2133,103
2134,99
2135,79
2136,67
2137,65
2138,127
2139,75
2140,77
2141,65
2142,67
2143,59
2144,355
2145,365
2146,99
2147,118
2148,102
2149,97
2150,75
2151,78
2152,65
2153,230
2154,97
2155,119
2156,60
2157,69
2158,65
2159,69
2160,67
2161,67
2162,357
2163,62
2164,117
2165,63
2166,104
2167,341
2168,67
2169,235
2170,67
2171,65
2172,97
2173,525
2174,78
2175,400
2176,77
2177,76
2178,79
2179,69
2180,76
2181,67
2182,325
2183,77
2184,211
2185,86
2186,78
2187,76
2188,67
2189,321
2190,132
2191,78
2192,63
2193,98
2194,63
2195,65
2196,62
2197,536
2198,462
2199,63
2200,65
2201,79
2202,276
2203,123
2204,59
2205,79
2206,97
2207,68
2208,67
2209,118
2210,59
2211,124
2212,425
2213,65
2214,63
2215,67
2216,59
2217,78
2218,60
2219,59
2220,78
2221,79
2222,350
2223,66
2224,63
2225,252
2226,422
2227,78
2228,75
2229,84
2230,102
2231,461
2232,75
2233,59
2234,69
2235,429
2236,73
2237,100
2238,75
2239,63
2240,104
2241,111
2242,67
2243,84
2244,117
2245,79
2246,78
2247,60
2248,98
2249,78
2250,78
2251,65
2252,98
2253,118
2254,97
2255,67
2256,62
2257,103
2258,78
2259,65
2260,60
2261,492
2262,524
2263,61
2264,97
2265,68
2266,78
2267,65
2268,67
2269,68
2270,219
2271,516
2272,65
2273,67
2274,481
2275,59
2276,78
2277,134
2278,437
2279,77
2280,67
2281,68
2282,227
2283,237
2284,89
2285,67
2286,69
2287,88
2288,326
2289,63
2290,103
2291,97
2292,98
2293,323
2294,69
2295,98
2296,77
2297,66
2298,67
2299,97
2300,80
2301,76
2302,97
2303,59
2304,80
2305,97
2306,418
2307,503
2308,67
2309,325
2310,87
2311,222
2312,67
2313,75
2314,97
2315,60
2316,79
2317,219
2318,79
2319,67
2320,69
2321,64
2322,73
2323,63
2324,104
2325,65
2326,66
2327,656
2328,97
2329,102
2330,66
2331,68
2332,67
2333,99
2334,498
2335,77
2336,67
2337,62
2338,68
2339,75
2340,67
2341,68
2342,65
2343,63
2344,98
2345,102
2346,79
2347,63
2348,452
2349,79
2350,340
2351,63
2352,65
2353,99
2354,78
2355,129
2356,102
2357,65
2358,102
2359,519
2360,98
2361,65
2362,75
2363,79
2364,67
2365,65
2366,222
2367,75
2368,218
2369,310
2370,59
2371,62
2372,62
2373,76
2374,449
2375,67
2376,63
2377,64
2378,59
2379,63
2380,59
2381,68
2382,67
2383,77
2384,65
2385,61
2386,268
2387,255
2388,75
2389,446
2390,118
2391,76
2392,491
2393,65
2394,76
2395,317
2396,67
2397,344
2398,297
2399,67
2400,78
2401,65
2402,509
2403,69
2404,99
2405,67
2406,211
2407,101
2408,99
2409,65
2410,99
2411,65
2412,63
2413,69
2414,63
2415,67
2416,347
2417,65
2418,217
2419,82
2420,68
2421,78
2422,62
2423,223
2424,78
2425,67
2426,456
2427,419
2428,65
2429,266
2430,69
2431,67
2432,65
2433,494
2434,67
2435,97
2436,63
2437,104
2438,268
2439,103
2440,78
2441,445
2442,234
2443,59
2444,226
2445,214
2446,100
2447,70
2448,67
2449,78
2450,344
2451,65
2452,65
2453,92
2454,67
2455,92
2456,371
2457,69
2458,333
2459,97
2460,78
2461,80
2462,78
2463,97
2464,72
2465,65
2466,104
2467,100
2468,67
2469,67
2470,274
2471,98
2472,100
2473,68
2474,80
2475,102
2476,238
2477,103
2478,104
2479,102
2480,66
2481,78
2482,248
2483,99
2484,235
2485,59
2486,513
2487,67
2488,97
2489,98
2490,68
2491,219
2492,103
2493,504
2494,98
2495,67
2496,59
2497,99
2498,411
2499,65
2500,59
2501,99
2502,79
2503,102
2504,474
2505,82
2506,59
2507,59
2508,67
2509,106
2510,65
2511,78
2512,78
2513,457
2514,78
2515,94
2516,510
2517,283
2518,99
2519,531
2520,97
2521,220
2522,220
2523,99
2524,97
2525,104
2526,102
2527,98
2528,59
2529,78
2530,609
2531,413
2532,100
2533,99
2534,67
2535,97
2536,482
2537,104
2538,78
2539,62
2540,100
2541,97
2542,78
2543,67
2544,430
2545,99
2546,117
2547,97
2548,67
2549,76
2550,63
2551,80
2552,358
2553,105
2554,60
2555,70
2556,68
2557,78
2558,79
2559,67
2560,97
2561,65
2562,67
2563,83
2564,65
2565,87
2566,101
2567,95
2568,63
2569,78
2570,60
2571,65
2572,60
2573,240
2574,105
2575,60
2576,106
2577,103
2578,104
2579,88
2580,65
2581,100
2582,63
2583,63
2584,373
2585,93
2586,59
2587,78
2588,59
2589,235
2590,65
2591,98
2592,231
2593,68
2594,64
2595,99
2596,123
2597,67
2598,484
2599,94
2600,99
2601,59
2602,100
2603,391
2604,78
2605,98
2606,63
2607,82
2608,77
2609,102
2610,67
2611,78
2612,60
2613,67
2614,98
2615,59
2616,101
2617,65
2618,490
2619,84
2620,341
2621,98
2622,79
2623,63
2624,95
2625,63
2626,68
2627,78
2628,79
2629,67
2630,67
2631,71
2632,65
2633,65
2634,66
2635,98
2636,343
2637,277
2638,129
2639,99
2640,62
2641,100
2642,243
2643,65
2644,75
2645,69
2646,318
2647,69
2648,324
2649,97
2650,102
2651,78
2652,59
2653,207
2654,66
2655,59
2656,102
2657,67
2658,329
2659,169
2660,100
2661,60
2662,237
2663,99
2664,99
2665,59
2666,302
2667,99
2668,75
2669,235
2670,224
2671,67
2672,341
2673,65
2674,67
2675,364
2676,464
2677,461
2678,98
2679,306
2680,106
2681,69
2682,69
2683,65
2684,97
2685,59
2686,433
2687,103
2688,62
2689,97
2690,63
2691,67
2692,67
2693,65
2694,100
2695,221
2696,416
2697,65
2698,61
2699,229
2700,83
2701,101
2702,102
2703,105
2704,77
2705,105
2706,481
2707,83
2708,80
2709,77
2710,219
2711,74
2712,68
2713,100
2714,249
2715,59
2716,450
2717,98
2718,413
2719,65
2720,67
2721,92
2722,257
2723,63
2724,77
2725,99
2726,281
2727,332
2728,79
2729,81
2730,523
2731,65
2732,322
2733,103
2734,67
2735,98
2736,66
2737,78
2738,62
2739,109
2740,100
2741,68
2742,225
2743,63
2744,313
2745,454
2746,102
2747,78
2748,100
2749,78
2750,67
2751,98
2752,87
2753,63
2754,61
2755,78
2756,78
2757,68
2758,99
2759,69
2760,63
2761,125
2762,59
2763,60
2764,97
2765,65
2766,99
2767,97
2768,97
2769,65
2770,351
2771,280
2772,59
2773,68
2774,104
2775,224
2776,86
2777,524
2778,79
2779,414
2780,500
2781,79
2782,61
2783,307
2784,59
2785,78
2786,80
2787,329
2788,436
2789,67
2790,65
2791,78
2792,99
2793,101
2794,59
2795,68
2796,66
2797,65
2798,78
2799,67
2800,75
2801,63
2802,63
2803,67
2804,65
2805,488
2806,67
2807,505
2808,65
2809,63
2810,68
2811,260
2812,220
2813,65
2814,78
2815,67
2816,239
2817,64
2818,369
2819,441
2820,69
2821,69
2822,59
2823,97
2824,65
2825,97
2826,79
2827,239
2828,65
2829,232
2830,98
2831,63
2832,63
2833,97
2834,68
2835,65
2836,120
2837,77
2838,78
2839,103
2840,65
2841,81
2842,61
2843,100
2844,65
2845,63
2846,78
2847,239
2848,63
2849,433
2850,67
2851,59
2852,87
2853,80
2854,324
2855,78
2856,99
2857,99
2858,343
2859,82
2860,75
2861,59
2862,338
2863,542
2864,103
2865,63
2866,67
2867,69
2868,538
2869,63
2870,122
2871,151
2872,63
2873,102
2874,79
2875,130
2876,80
2877,99
2878,227
2879,79
2880,59
2881,100
2882,79
2883,78
2884,78
2885,100
2886,445
2887,99
2888,71
2889,80
2890,67
2891,90
2892,500
2893,99
2894,537
2895,78
2896,123
2897,103
2898,97
2899,66
2900,66
2901,68
2902,99
2903,97
2904,78
2905,117
2906,75
2907,67
2908,62
2909,67
2910,99
2911,510
2912,98
2913,60
2914,65
2915,65
2916,67
2917,97
2918,99
2919,78
2920,267
2921,100
2922,80
2923,65
2924,63
2925,65
2926,63
2927,119
2928,448
2929,67
2930,60
2931,67
2932,375
2933,79
2934,100
2935,67
2936,65
2937,67
2938,118
2939,127
2940,314
2941,99
2942,65
2943,75
2944,334
2945,106
2946,66
2947,102
2948,67
2949,61
2950,65
2951,66
2952,318
2953,60
2954,100
2955,97
2956,65
2957,226
2958,64
2959,241
2960,98
2961,78
2962,67
2963,77
2964,223
2965,60
2966,74
2967,339
2968,464
2969,67
2970,220
2971,69
2972,63
2973,82
2974,228
2975,59
2976,99
2977,249
2978,65
2979,164
2980,59
2981,79
2982,393
2983,76
2984,68
2985,68
2986,272
2987,252
2988,65
2989,490
2990,119
2991,105
2992,70
2993,97
2994,103
2995,243
2996,78
2997,347
2998,63
2999,511
3000,79
3001,533
3002,126
3003,80
3004,77
3005,65
3006,98
3007,69
3008,59
3009,96
3010,59
3011,65
3012,67
3013,98
3014,63
3015,422
3016,60
3017,67
3018,323
3019,99
3020,78
3021,311
3022,123
3023,461
3024,63
3025,372
3026,67
3027,105
3028,78
3029,67
3030,78
3031,101
3032,69
3033,62
3034,88
3035,78
3036,59
3037,319
3038,78
3039,75
3040,75
3041,67
3042,68
3043,259
3044,78
3045,69
3046,99
3047,271
3048,78
3049,63
3050,237
3051,79
3052,77
3053,69
3054,99
3055,125
3056,336
3057,75
3058,68
3059,68
3060,59
3061,465
3062,464
3063,102
3064,100
3065,65
3066,78
3067,97
3068,92
3069,66
3070,68
3071,63
3072,68
3073,99
3074,62
3075,60
3076,67
3077,78
3078,78
3079,68
3080,59
3081,77
3082,131
3083,68
3084,97
3085,87
3086,573
3087,104
3088,78
3089,65
3090,280
3091,98
3092,91
3093,80
3094,74
3095,67
3096,98
3097,123
3098,68
3099,97
3100,536
3101,75
3102,99
3103,69
3104,119
3105,524
3106,126
3107,62
3108,296
3109,100
3110,100
3111,120
3112,66
3113,102
3114,103
3115,100
3116,525
3117,81
3118,350
3119,59
3120,455
3121,63
3122,63
3123,360
3124,97
3125,97
3126,101
3127,98
3128,76
3129,75
3130,59
3131,77
3132,81
3133,412
3134,335
3135,207
3136,64
3137,117
3138,78
3139,145
3140,102
3141,78
3142,296
3143,75
3144,67
3145,106
3146,106
3147,67
3148,75
3149,78
3150,68
3151,518
3152,350
3153,63
3154,62
3155,97
3156,79
3157,81
3158,67
3159,67
3160,91
3161,67
3162,99
3163,61
3164,64
3165,97
3166,67
3167,84
3168,100
3169,465
3170,344
3171,78
3172,225
3173,61
3174,491
3175,198
3176,455
3177,63
3178,66
3179,67
3180,67
3181,222
3182,451
3183,92
3184,59
3185,66
3186,340
3187,225
3188,67
3189,63
3190,99
3191,79
3192,220
3193,99
3194,67
3195,78
3196,75
3197,67
3198,63
3199,65
3200,87
3201,67
3202,84
3203,98
3204,212
3205,220
3206,123
3207,98
3208,102
3209,74
3210,446
3211,100
3212,99
3213,410
3214,61
3215,99
3216,435
3217,62
3218,414
3219,78
3220,65
3221,67
3222,77
3223,126
3224,100
3225,67
3226,226
3227,239
3228,97
3229,65
3230,527
3231,78
3232,79
3233,244
3234,63
3235,67
3236,67
3237,80
3238,79
3239,510
3240,78
3241,477
3242,103
3243,442
3244,122
3245,91
3246,67
3247,89
3248,75
3249,507
3250,470
3251,64
3252,64
3253,322
3254,62
3255,64
3256,103
3257,65
3258,60
3259,78
3260,123
3261,75
3262,277
3263,572
3264,62
3265,310
3266,339
3267,63
3268,69
3269,67
3270,122
3271,465
3272,105
3273,120
3274,122
3275,66
3276,97
3277,78
3278,143
3279,100
3280,98
3281,69
3282,68
3283,100
3284,67
3285,234
3286,90
3287,363
3288,458
3289,78
3290,75
3291,447
3292,68
3293,67
3294,64
3295,59
3296,78
3297,75
3298,67
3299,68
3300,88
3301,65
3302,65
3303,68
3304,98
3305,67
3306,77
3307,240
3308,320
3309,84
3310,98
3311,62
3312,63
3313,237
3314,70
3315,69
3316,78
3317,78
3318,66
3319,79
3320,252
3321,60
3322,99
3323,104
3324,99
3325,69
3326,79
3327,64
3328,79
3329,311
3330,202
3331,65
3332,62
3333,75
3334,67
3335,63
3336,59
3337,66
3338,311
3339,62
3340,273
3341,63
3342,59
3343,102
3344,60
3345,79
3346,228
3347,63
3348,537
3349,102
3350,78
3351,96
3352,221
3353,225
3354,65
3355,446
3356,436
3357,111
3358,230
3359,470
3360,218
3361,94
3362,122
3363,68
3364,65
3365,103
3366,82
3367,227
3368,476
3369,100
3370,60
3371,473
3372,63
3373,67
3374,78
3375,78
3376,68
3377,103
3378,445
3379,85
3380,71
3381,96
3382,72
3383,76
3384,429
3385,98
3386,476
3387,120
3388,119
3389,65
3390,67
3391,126
3392,77
3393,78
3394,65
3395,441
3396,124
3397,62
3398,65
3399,124
3400,67
3401,62
3402,65
3403,67
3404,79
3405,67
3406,63
3407,66
3408,119
3409,244
3410,101
3411,246
3412,453
3413,98
3414,62
3415,67
3416,101
3417,461
3418,99
3419,80
3420,65
3421,63
3422,229
3423,63
3424,69
3425,78
3426,66
3427,100
3428,67
3429,78
3430,103
3431,66
3432,62
3433,124
3434,63
3435,67
3436,369
3437,67
3438,80
3439,116
3440,65
3441,63
3442,67
3443,80
3444,99
3445,66
3446,80
3447,80
3448,506
3449,307
3450,63
3451,100
3452,442
3453,332
3454,67
3455,60
3456,64
3457,62
3458,501
3459,257
3460,238
3461,78
3462,154
3463,59
3464,75
3465,97
3466,330
3467,251
3468,98
3469,87
3470,59
3471,68
3472,98
3473,64
3474,80
3475,59
3476,66
3477,99
3478,59
3479,67
3480,63
3481,80
3482,99
3483,78
3484,66
3485,59
3486,65
3487,59
3488,100
3489,102
3490,69
3491,68
3492,97
3493,259
3494,79
3495,68
3496,75
3497,102
3498,297
3499,100
3500,484
3501,67
3502,72
3503,99
3504,228
3505,62
3506,65
3507,64
3508,97
3509,74
3510,59
3511,67
3512,65
3513,68
3514,70
3515,100
3516,90
3517,69
3518,63
3519,225
3520,69
3521,67
3522,65
3523,58
3524,80
3525,63
3526,79
3527,67
3528,72
3529,97
3530,108
3531,73
3532,97
3533,77
3534,103
3535,78
3536,260
3537,78
3538,78
3539,68
3540,76
3541,63
3542,71
3543,320
3544,502
3545,62
3546,505
3547,220
3548,78
3549,79
3550,249
3551,431
3552,67
3553,91
3554,102
3555,62
3556,337
3557,99
3558,66
3559,59
3560,65
3561,79
3562,238
3563,97
3564,67
3565,76
3566,100
3567,79
3568,77
3569,70
3570,65
3571,59
3572,79
3573,487
3574,59
3575,100
3576,67
3577,63
3578,67
3579,133
3580,78
3581,65
3582,67
3583,80
3584,64
3585,118
3586,68
3587,226
3588,59
3589,241
3590,119
3591,76
3592,78
3593,68
3594,104
3595,67
3596,97
3597,68
3598,70
3599,65
3600,63
3601,99
3602,78
3603,59
3604,75
3605,508
3606,397
3607,99
3608,65
3609,102
3610,117
3611,80
3612,225
3613,195
3614,526
3615,78
3616,252
3617,80
3618,78
3619,383
3620,106
3621,76
3622,65
3623,501
3624,59
3625,221
3626,75
3627,67
3628,386
3629,220
3630,455
3631,293
3632,78
3633,65
3634,308
3635,285
3636,75
3637,86
3638,338
3639,67
3640,97
3641,124
3642,86
3643,76
3644,68
3645,78
3646,97
3647,105
3648,69
3649,97
3650,78
3651,245
3652,79
3653,78
3654,75
3655,67
3656,63
3657,97
3658,65
3659,97
3660,80
3661,62
3662,59
3663,498
3664,68
3665,67
3666,104
3667,560
3668,99
3669,67
3670,98
3671,218
3672,98
3673,80
3674,99
3675,339
3676,68
3677,247
3678,67
3679,70
3680,102
3681,475
3682,470
3683,103
3684,65
3685,78
3686,412
3687,61
3688,68
3689,66
3690,60
3691,104
3692,67
3693,67
3694,67
3695,67
3696,247
3697,67
3698,66
3699,516
3700,62
3701,78
3702,66
3703,99
3704,65
3705,99
3706,343
3707,97
3708,67
3709,147
3710,117
3711,287
3712,63
3713,97
3714,99
3715,67
3716,65
3717,155
3718,80
3719,386
3720,65
3721,321
3722,447
3723,98
3724,455
3725,67
3726,67
3727,213
3728,67
3729,333
3730,66
3731,71
3732,259
3733,67
3734,62
3735,230
3736,272
3737,102
3738,63
3739,63
3740,69
3741,78
3742,67
3743,220
3744,67
3745,76
3746,101
3747,103
3748,63
3749,65
3750,65
3751,61
3752,78
3753,75
3754,60
3755,342
3756,78
3757,532
3758,103
3759,65
3760,64
3761,65
3762,75
3763,67
3764,264
3765,78
3766,82
3767,75
3768,75
3769,65
3770,224
3771,67
3772,78
3773,67
3774,64
3775,77
3776,68
3777,65
3778,80
3779,74
3780,67
3781,59
3782,68
3783,115
3784,471
3785,441
3786,80
3787,77
3788,80
3789,97
3790,68
3791,80
3792,68
3793,65
3794,98
3795,243
3796,59
3797,70
3798,63
3799,98
3800,104
3801,439
3802,67
3803,97
3804,99
3805,80
3806,59
3807,108
3808,99
3809,65
3810,59
3811,62
3812,79
3813,327
3814,102
3815,213
3816,65
3817,65
3818,67
3819,79
3820,68
3821,65
3822,61
3823,537
3824,62
3825,79
3826,59
3827,97
3828,77
3829,79
3830,509
3831,63
3832,97
3833,486
3834,69
3835,78
3836,73
3837,78
3838,520
3839,87
3840,104
3841,65
3842,59
3843,508
3844,484
3845,405
3846,67
3847,98
3848,59
3849,77
3850,75
3851,78
3852,80
3853,67
3854,117
3855,78
3856,67
3857,67
3858,469
3859,60
3860,65
3861,102
3862,98
3863,468
3864,250
3865,100
3866,502
3867,67
3868,62
3869,97
3870,311
3871,80
3872,72
3873,517
3874,67
3875,454
3876,126
3877,78
3878,65
3879,69
3880,98
3881,352
3882,98
3883,253
3884,67
3885,80
3886,102
3887,75
3888,59
3889,65
3890,84
3891,122
3892,79
3893,65
3894,479
3895,101
3896,63
3897,259
3898,102
3899,79
3900,68
3901,99
3902,101
3903,102
3904,65
3905,79
3906,78
3907,129
3908,223
3909,67
3910,102
3911,90
3912,98
3913,74
3914,97
3915,75
3916,68
3917,103
3918,99
3919,64
3920,78
3921,100
3922,234
3923,79
3924,99
3925,83
3926,393
3927,118
3928,92
3929,517
3930,106
3931,64
3932,63
3933,457
3934,68
3935,67
3936,209
3937,361
3938,88
3939,97
3940,60
3941,69
3942,62
3943,203
3944,229
3945,67
3946,250
3947,67
3948,129
3949,99
3950,99
3951,78
3952,64
3953,105
3954,59
3955,343
3956,79
3957,67
3958,426
3959,501
3960,102
3961,429
3962,102
3963,59
3964,59
3965,98
3966,442
3967,83
3968,59
3969,64
3970,97
3971,67
3972,78
3973,67
3974,263
3975,65
3976,123
3977,78
3978,90
3979,78
3980,65
3981,81
3982,97
3983,63
3984,67
3985,78
3986,216
3987,60
3988,78
3989,80
3990,62
3991,66
3992,67
3993,106
3994,80
3995,98
3996,337
3997,501
3998,78
3999,62
4000,97
4001,63
4002,99
4003,59
4004,75
4005,326
4006,60
4007,67
4008,65
4009,233
4010,77
4011,67
4012,108
4013,544
4014,68
4015,453
4016,236
4017,99
4018,98
4019,69
4020,340
4021,100
4022,76
4023,188
4024,84
4025,103
4026,100
4027,62
4028,67
4029,574
4030,122
4031,68
4032,75
4033,78
4034,62
4035,477
4036,59
4037,67
4038,233
4039,99
4040,98
4041,63
4042,478
4043,79
4044,89
4045,483
4046,65
4047,65
4048,65
4049,120
4050,77
4051,250
4052,98
4053,505
4054,78
4055,118
4056,210
4057,60
4058,250
4059,62
4060,351
4061,101
4062,537
4063,125
4064,77
4065,513
4066,70
4067,460
4068,64
4069,63
4070,69
4071,68
4072,479
4073,59
4074,65
4075,104
4076,351
4077,344
4078,126
4079,245
4080,61
4081,78
4082,100
4083,65
4084,67
4085,59
4086,112
4087,76
4088,97
4089,79
4090,67
4091,105
4092,84
4093,99
4094,130
4095,220
4096,97
4097,63
4098,68
4099,59
4100,76
4101,97
4102,102
4103,67
4104,67
4105,68
4106,79
4107,104
4108,124
4109,79
4110,67
4111,67
4112,69
4113,70
4114,100
4115,59
4116,215
4117,337
4118,524
4119,74
4120,63
4121,76
4122,78
4123,555
4124,67
4125,226
4126,77
4127,65
4128,63
4129,98
4130,65
4131,450
4132,101
4133,104
4134,71
4135,59
4136,97
4137,541
4138,65
4139,67
4140,97
4141,60
4142,541
4143,239
4144,67
4145,65
4146,59
4147,66
4148,102
4149,260
4150,61
4151,65
4152,509
4153,65
4154,78
4155,125
4156,103
4157,67
4158,67
4159,105
4160,505
4161,79
4162,64
4163,104
4164,66
4165,67
4166,234
4167,98
4168,98
4169,459
4170,336
4171,59
4172,98
4173,100
4174,97
4175,63
4176,101
4177,78
4178,65
4179,368
4180,63
4181,69
4182,312
4183,59
4184,67
4185,65
4186,310
4187,63
4188,432
4189,64
4190,98
4191,65
4192,68
4193,220
4194,77
4195,60
4196,480
4197,407
4198,225
4199,65
4200,274
4201,119
4202,78
4203,99
4204,67
4205,505
4206,67
4207,338
4208,65
4209,67
4210,67
4211,131
4212,65
4213,562
4214,539
4215,437
4216,59
4217,67
4218,68
4219,533
4220,60
4221,99
4222,65
4223,65
4224,499
4225,98
4226,68
4227,62
4228,78
4229,63
4230,77
4231,77
4232,77
4233,123
4234,80
4235,102
4236,67
4237,358
4238,69
4239,67
4240,400
4241,107
4242,69
4243,67
4244,79
4245,67
4246,492
4247,59
4248,117
4249,84
4250,66
4251,80
4252,225
4253,66
4254,62
4255,104
4256,97
4257,99
4258,211
4259,228
4260,69
4261,67
4262,99
4263,299
4264,64
4265,446
4266,72
4267,64
4268,97
4269,98
4270,68
4271,65
4272,63
4273,240
4274,68
4275,486
4276,294
4277,100
4278,69
4279,60
4280,60
4281,344
4282,78
4283,67
4284,78
4285,151
4286,213
4287,98
4288,99
4289,68
4290,78
4291,215
4292,63
4293,99
4294,67
4295,68
4296,74
4297,79
4298,65
4299,68
4300,251
4301,98
4302,103
4303,75
4304,59
4305,67
4306,103
4307,66
4308,97
4309,64
4310,78
4311,69
4312,100
4313,104
4314,221
4315,63
4316,100
4317,65
4318,63
4319,431
4320,269
4321,75
4322,100
4323,78
4324,65
4325,79
4326,68
4327,65
4328,224
4329,99
4330,522
4331,99
4332,65
4333,491
4334,78
4335,79
4336,102
4337,67
4338,228
4339,87
4340,65
4341,231
4342,101
4343,120
4344,63
4345,521
4346,63
4347,97
4348,294
4349,305
4350,313
4351,66
4352,62
4353,216
4354,68
4355,97
4356,65
4357,78
4358,65
4359,68
4360,67
4361,98
4362,77
4363,78
4364,78
4365,485
4366,59
4367,485
4368,67
4369,125
4370,507
4371,59
4372,63
4373,63
4374,240
4375,66
4376,228
4377,103
4378,98
4379,67
4380,99
4381,67
4382,522
4383,78
4384,65
4385,219
4386,65
4387,118
4388,100
4389,99
4390,102
4391,152
4392,500
4393,480
4394,67
4395,68
4396,545
4397,450
4398,62
4399,267
4400,344
4401,65
4402,65
4403,87
4404,78
4405,72
4406,79
4407,101
4408,98
4409,99
4410,350
4411,129
4412,69
4413,497
4414,67
4415,97
4416,75
4417,75
4418,346
4419,67
4420,67
4421,65
4422,99
4423,68
4424,65
4425,59
4426,103
4427,69
4428,65
4429,68
4430,97
4431,98
4432,69
4433,68
4434,67
4435,138
4436,80
4437,98
4438,95
4439,85
4440,68
4441,63
4442,65
4443,209
4444,63
4445,63
4446,65
4447,66
4448,66
4449,123
4450,69
4451,78
4452,68
4453,67
4454,106
4455,62
4456,296
4457,277
4458,239
4459,100
4460,388
4461,70
4462,226
4463,97
4464,65
4465,98
4466,63
4467,222
4468,345
4469,78
4470,97
4471,78
4472,100
4473,77
4474,102
4475,495
4476,87
4477,67
4478,97
4479,77
4480,62
4481,67
4482,97
4483,251
4484,249
4485,69
4486,67
4487,79
4488,67
4489,65
4490,118
4491,67
4492,66
4493,82
4494,80
4495,80
4496,217
4497,68
4498,67
4499,99
4500,67
4501,65
4502,347
4503,65
4504,97
4505,78
4506,423
4507,78
4508,63
4509,59
4510,98
4511,69
4512,91
4513,73
4514,285
4515,65
4516,68
4517,66
4518,59
4519,160
4520,67
4521,95
4522,97
4523,216
4524,65
4525,59
4526,83
4527,79
4528,493
4529,63
4530,67
4531,378
4532,321
4533,329
4534,67
4535,67
4536,86
4537,67
4538,238
4539,74
4540,470
4541,99
4542,66
4543,68
4544,510
4545,64
4546,65
4547,76
4548,59
4549,60
4550,509
4551,117
4552,62
4553,63
4554,63
4555,60
4556,100
4557,327
4558,82
4559,63
4560,67
4561,78
4562,78
4563,67
4564,67
4565,67
4566,67
4567,473
4568,65
4569,75
4570,418
4571,103
4572,232
4573,59
4574,69
4575,450
4576,78
4577,65
4578,59
4579,63
4580,82
4581,79
4582,97
4583,66
4584,78
4585,459
4586,67
4587,231
4588,68
4589,67
4590,78
4591,315
4592,63
4593,68
4594,78
4595,75
4596,370
4597,60
4598,65
4599,97
4600,67
4601,67
4602,494
4603,65
4604,70
4605,82
4606,215
4607,109
4608,98
4609,118
4610,67
4611,98
4612,442
4613,78
4614,98
4615,65
4616,477
4617,81
4618,65
4619,67
4620,74
4621,102
4622,97
4623,69
4624,61
4625,60
4626,99
4627,77
4628,494
4629,87
4630,514
4631,320
4632,206
4633,68
4634,78
4635,63
4636,66
4637,99
4638,66
4639,66
4640,100
4641,301
4642,63
4643,100
4644,120
4645,65
4646,99
4647,118
4648,67
4649,98
4650,66
4651,103
4652,122
4653,67
4654,65
4655,76
4656,434
4657,63
4658,67
4659,490
4660,67
4661,99
4662,78
4663,65
4664,78
4665,98
4666,249
4667,492
4668,69
4669,123
4670,98
4671,505
4672,98
4673,68
4674,60
4675,101
4676,79
4677,67
4678,68
4679,100
4680,108
4681,79
4682,78
4683,67
4684,99
4685,66
4686,268
4687,65
4688,81
4689,102
4690,97
4691,208
4692,67
4693,366
4694,434
4695,79
4696,103
4697,424
4698,79
4699,78
4700,65
4701,62
4702,97
4703,75
4704,69
4705,100
4706,386
4707,69
4708,488
4709,63
4710,59
4711,78
4712,522
4713,68
4714,104
4715,60
4716,67
4717,237
4718,92
4719,235
4720,63
4721,103
4722,73
4723,76
4724,99
4725,59
4726,60
4727,217
4728,65
4729,252
4730,400
4731,454
4732,69
4733,65
4734,66
4735,65
4736,84
4737,68
4738,69
4739,80
4740,485
4741,118
4742,79
4743,78
4744,76
4745,356
4746,214
4747,480
4748,278
4749,67
4750,69
4751,67
4752,78
4753,489
4754,63
4755,60
4756,83
4757,534
4758,231
4759,434
4760,233
4761,100
4762,78
4763,64
4764,63
4765,101
4766,79
4767,65
4768,67
4769,68
4770,257
4771,65
4772,82
4773,97
4774,243
4775,67
4776,59
4777,429
4778,77
4779,78
4780,64
4781,97
4782,67
4783,101
4784,75
4785,59
4786,68
4787,60
4788,72
4789,74
4790,473
4791,91
4792,59
4793,80
4794,97
4795,97
4796,119
4797,67
4798,66
4799,66
4800,99
4801,67
4802,100
4803,99
4804,524
4805,98
4806,68
4807,78
4808,91
4809,67
4810,60
4811,65
4812,66
4813,75
4814,75
4815,104
4816,124
4817,67
4818,104
4819,78
4820,59
4821,67
4822,477
4823,366
4824,279
4825,67
4826,67
4827,102
4828,119
4829,65
4830,75
4831,67
4832,267
4833,316
4834,327
4835,59
4836,69
4837,218
4838,60
4839,489
4840,82
4841,68
4842,64
4843,67
4844,102
4845,129
4846,62
4847,221
4848,78
4849,78
4850,221
4851,78
4852,59
4853,469
4854,78
4855,68
4856,75
4857,203
4858,65
4859,77
4860,62
4861,325
4862,530
4863,78
4864,75
4865,69
4866,80
4867,78
4868,78
4869,120
4870,61
4871,371
4872,98
4873,246
4874,77
4875,65
4876,73
4877,67
4878,67
4879,99
4880,101
4881,104
4882,66
4883,100
4884,78
4885,68
4886,68
4887,232
4888,75
4889,65
4890,68
4891,80
4892,432
4893,251
4894,66
4895,103
4896,77
4897,65
4898,64
4899,78
4900,213
4901,99
4902,62
4903,60
4904,100
4905,59
4906,62
4907,98
4908,79
4909,76
4910,447
4911,65
4912,314
4913,68
4914,78
4915,65
4916,65
4917,102
4918,574
4919,68
4920,59
4921,93
4922,100
4923,78
4924,59
4925,79
4926,104
4927,107
4928,102
4929,103
4930,526
4931,65
4932,129
4933,65
4934,98
4935,61
4936,59
4937,65
4938,66
4939,67
4940,70
4941,79
4942,504
4943,67
4944,63
4945,68
4946,68
4947,63
4948,65
4949,59
4950,117
4951,92
4952,97
4953,59
4954,78
4955,67
4956,476
4957,63
4958,119
4959,260
4960,219
4961,90
4962,159
4963,75
4964,59
4965,64
4966,65
4967,70
4968,67
4969,60
4970,68
4971,79
4972,68
4973,102
4974,97
4975,98
4976,63
4977,62
4978,60
4979,431
4980,222
4981,59
4982,102
4983,59
4984,63
4985,123
4986,79
4987,76
4988,122
4989,64
4990,458
4991,84
4992,65
4993,248
4994,473
4995,75
4996,121
4997,67
4998,67
4999,75
5000,358
5001,122
5002,65
5003,228
5004,62
5005,67
5006,78
5007,92
5008,68
5009,66
5010,494
5011,98
5012,67
5013,261
5014,79
5015,100
5016,117
5017,59
5018,105
5019,67
5020,78
5021,62
5022,65
5023,237
5024,438
5025,69
5026,75
5027,69
5028,69
5029,338
5030,78
5031,63
5032,78
5033,78
5034,67
5035,527
5036,67
5037,63
5038,125
5039,61
5040,80
5041,230
5042,97
5043,79
5044,68
5045,289
5046,130
5047,77
5048,69
5049,503
5050,75
5051,78
5052,246
5053,100
5054,99
5055,120
5056,101
5057,119
5058,336
5059,311
5060,67
5061,75
5062,67
5063,98
5064,67
5065,78
5066,79
5067,432
5068,217
5069,65
5070,341
5071,59
5072,103
5073,140
5074,67
5075,65
5076,78
5077,99
5078,76
5079,533
5080,66
5081,68
5082,65
5083,63
5084,97
5085,63
5086,67
5087,67
5088,60
5089,63
5090,69
5091,67
5092,492
5093,90
5094,79
5095,85
5096,63
5097,223
5098,89
5099,59
5100,102
5101,69
5102,251
5103,80
5104,78
5105,59
5106,445
5107,99
5108,77
5109,78
5110,65
5111,67
5112,251
5113,343
5114,78
5115,60
5116,242
5117,67
5118,99
5119,67
5120,78
5121,66
5122,59
5123,65
5124,68
5125,97
5126,117
5127,78
5128,98
5129,78
5130,67
5131,61
5132,78
5133,79
5134,69
5135,74
5136,69
5137,103
5138,105
5139,67
5140,100
5141,98
5142,79
5143,100
5144,98
5145,100
5146,67
5147,69
5148,231
5149,67
5150,263
5151,59
5152,67
5153,99
5154,78
5155,98
5156,79
5157,102
5158,67
5159,80
5160,528
5161,75
5162,79
5163,78
5164,67
5165,444
5166,119
5167,534
5168,118
5169,88
5170,65
5171,227
5172,64
5173,69
5174,78
5175,82
5176,65
5177,428
5178,220
5179,227
5180,259
5181,90
5182,319
5183,82
5184,63
5185,439
5186,360
5187,239
5188,100
5189,98
5190,65
5191,103
5192,75
5193,124
5194,489
5195,294
5196,107
5197,294
5198,79
5199,63
5200,78
5201,67
5202,78
5203,107
5204,538
5205,97
5206,99
5207,98
5208,65
5209,65
5210,82
5211,479
5212,75
5213,124
5214,63
5215,104
5216,99
5217,467
5218,341
5219,78
5220,69
5221,101
5222,78
5223,99
5224,78
5225,67
5226,65
5227,61
5228,259
5229,59
5230,68
5231,273
5232,60
5233,68
5234,71
5235,102
5236,65
5237,67
5238,102
5239,67
5240,70
5241,152
5242,85
5243,342
5244,68
5245,97
5246,78
5247,102
5248,158
5249,104
5250,75
5251,65
5252,103
5253,103
5254,98
5255,97
5256,61
5257,241
5258,78
5259,62
5260,78
5261,69
5262,427
5263,504
5264,104
5265,70
5266,66
5267,63
5268,59
5269,124
5270,67
5271,99
5272,63
5273,63
5274,102
5275,99
5276,68
5277,102
5278,65
5279,117
5280,65
5281,216
5282,221
5283,100
5284,67
5285,92
5286,65
5287,60
5288,59
5289,67
5290,65
5291,98
5292,496
5293,68
5294,67
5295,78
5296,97
5297,63
5298,104
5299,69
5300,283
5301,65
5302,67
5303,530
5304,124
5305,97
5306,250
5307,103
5308,75
5309,61
5310,228
5311,103
5312,81
5313,89
5314,82
5315,78
5316,342
5317,77
5318,65
5319,100
5320,98
5321,115
5322,220
5323,102
5324,99
5325,62
5326,78
5327,63
5328,63
5329,77
5330,66
5331,59
5332,99
5333,319
5334,453
5335,242
5336,65
5337,75
5338,65
5339,79
5340,97
5341,65
5342,99
5343,68
5344,378
5345,100
5346,64
5347,66
5348,67
5349,63
5350,78
5351,97
5352,65
5353,63
5354,98
5355,120
5356,99
5357,122
5358,69
5359,98
5360,78
5361,441
5362,102
5363,67
5364,429
5365,365
5366,78
5367,124
5368,60
5369,226
5370,120
5371,79
5372,535
5373,437
5374,64
5375,97
5376,97
5377,64
5378,81
5379,449
5380,67
5381,290
5382,65
5383,75
5384,103
5385,100
5386,68
5387,79
5388,325
5389,219
5390,97
5391,99
5392,77
5393,67
5394,79
5395,97
5396,67
5397,226
5398,97
5399,477
5400,65
5401,63
5402,102
5403,78
5404,98
5405,126
5406,66
5407,330
5408,79
5409,66
5410,68
5411,515
5412,121
5413,78
5414,68
5415,76
5416,80
5417,101
5418,498
5419,98
5420,62
5421,97
5422,97
5423,81
5424,225
5425,90
5426,70
5427,65
5428,105
5429,65
5430,104
5431,77
5432,67
5433,217
5434,59
5435,253
5436,235
5437,373
5438,78
5439,319
5440,429
5441,124
5442,61
5443,78
5444,498
5445,67
5446,67
5447,341
5448,447
5449,75
5450,75
5451,100
5452,97
5453,78
5454,470
5455,61
5456,59
5457,67
5458,434
5459,216
5460,100
5461,392
5462,65
5463,62
5464,215
5465,363
5466,67
5467,306
5468,67
5469,66
5470,69
5471,67
5472,323
5473,94
5474,226
5475,79
5476,101
5477,97
5478,103
5479,67
5480,79
5481,67
5482,63
5483,79
5484,59
5485,67
5486,79
5487,77
5488,65
5489,232
5490,97
5491,455
5492,65
5493,59
5494,123
5495,361
5496,67
5497,97
5498,68
5499,75
5500,66
5501,67
5502,68
5503,78
5504,431
5505,466
5506,98
5507,65
5508,99
5509,65
5510,74
5511,60
5512,65
5513,59
5514,97
5515,80
5516,83
5517,60
5518,67
5519,78
5520,61
5521,99
5522,69
5523,65
5524,59
5525,345
5526,78
5527,78
5528,67
5529,255
5530,79
5531,80
5532,80
5533,102
5534,97
5535,65
5536,67
5537,78
5538,295
5539,65
5540,67
5541,63
5542,78
5543,69
5544,65
5545,283
5546,218
5547,102
5548,67
5549,66
5550,295
5551,68
5552,498
5553,122
5554,68
5555,472
5556,59
5557,97
5558,98
5559,524
5560,99
5561,79
5562,102
5563,224
5564,99
5565,67
5566,78
5567,75
5568,384
5569,100
5570,103
5571,80
5572,435
5573,82
5574,124
5575,309
5576,65
5577,341
5578,324
5579,241
5580,64
5581,249
5582,78
5583,494
5584,63
5585,67
5586,97
5587,63
5588,99
5589,75
5590,106
5591,67
5592,253
5593,98
5594,153
5595,341
5596,75
5597,531
5598,270
5599,294
5600,80
5601,66
5602,234
5603,258
5604,66
5605,59
5606,515
5607,66
5608,78
5609,59
5610,226
5611,335
5612,80
5613,102
5614,79
5615,75
5616,315
5617,65
5618,65
5619,97
5620,353
5621,68
5622,75
5623,467
5624,82
5625,67
5626,481
5627,68
5628,103
5629,75
5630,477
5631,68
5632,60
5633,550
5634,98
5635,102
5636,229
5637,63
5638,121
5639,335
5640,99
5641,341
5642,493
5643,81
5644,59
5645,97
5646,75
5647,59
5648,67
5649,78
5650,76
5651,86
5652,240
5653,538
5654,67
5655,119
5656,99
5657,102
5658,59
5659,65
5660,65
5661,78
5662,79
5663,413
5664,64
5665,67
5666,67
5667,78
5668,78
5669,80
5670,67
5671,60
5672,76
5673,80
5674,100
5675,97
5676,136
5677,99
5678,103
5679,97
5680,68
5681,78
5682,97
5683,99
5684,66
5685,63
5686,239
5687,67
5688,99
5689,104
5690,97
5691,102
5692,282
5693,78
5694,97
5695,78
5696,121
5697,244
5698,59
5699,100
5700,59
5701,65
5702,290
5703,238
5704,63
5705,67
5706,303
5707,556
5708,103
5709,66
5710,474
5711,86
5712,68
5713,551
5714,103
5715,75
5716,65
5717,80
5718,98
5719,124
5720,78
5721,77
5722,212
5723,65
5724,79
5725,67
5726,98
5727,128
5728,98
5729,78
5730,78
5731,100
5732,99
5733,59
5734,68
5735,75
5736,452
5737,76
5738,67
5739,99
5740,69
5741,491
5742,99
5743,79
5744,101
5745,66
5746,77
5747,103
5748,68
5749,104
5750,80
5751,68
5752,78
5753,239
5754,97
5755,78
5756,78
5757,99
5758,79
5759,65
5760,88
5761,228
5762,75
5763,67
5764,67
5765,78
5766,80
5767,60
5768,71
5769,62
5770,67
5771,65
5772,98
5773,59
5774,63
5775,102
5776,99
5777,67
5778,97
5779,60
5780,78
5781,100
5782,75
5783,63
5784,76
5785,80
5786,465
5787,59
5788,98
5789,75
5790,99
5791,314
5792,102
5793,59
5794,97
5795,65
5796,67
5797,75
5798,103
5799,119
5800,67
5801,319
5802,514
5803,64
5804,60
5805,78
5806,176
5807,78
5808,80
5809,444
5810,65
5811,97
5812,63
5813,105
5814,76
5815,78
5816,123
5817,60
5818,66
5819,68
5820,100
5821,119
5822,335
5823,110
5824,97
5825,133
5826,101
5827,71
5828,62
5829,68
5830,67
5831,64
5832,72
5833,67
5834,78
5835,196
5836,331
5837,321
5838,96
5839,90
5840,99
5841,67
5842,134
5843,542
5844,59
5845,68
5846,67
5847,65
5848,79
5849,63
5850,329
5851,97
5852,288
5853,80
5854,63
5855,319
5856,67
5857,120
5858,226
5859,97
5860,76
5861,370
5862,103
5863,75
5864,63
5865,77
5866,507
5867,97
5868,67
5869,268
5870,68
5871,78
5872,68
5873,309
5874,99
5875,102
5876,232
5877,59
5878,66
5879,59
5880,76
5881,78
5882,101
5883,101
5884,67
5885,124
5886,299
5887,81
5888,69
5889,201
5890,102
5891,65
5892,104
5893,86
5894,280
5895,244
5896,75
5897,99
5898,65
5899,70
5900,154
5901,63
5902,78
5903,99
5904,67
5905,62
5906,99
5907,97
5908,59
5909,222
5910,67
5911,256
5912,69
5913,77
5914,432
5915,103
5916,77
5917,269
5918,90
5919,78
5920,63
5921,75
5922,431
5923,65
5924,67
5925,90
5926,67
5927,271
5928,264
5929,82
5930,78
5931,79
5932,80
5933,67
5934,65
5935,87
5936,333
5937,67
5938,68
5939,62
5940,70
5941,79
5942,75
5943,65
5944,221
5945,323
5946,118
5947,99
5948,558
5949,59
5950,94
5951,65
5952,153
5953,63
5954,75
5955,80
5956,91
5957,61
5958,63
5959,348
5960,416
5961,101
5962,78
5963,224
5964,101
5965,103
5966,351
5967,68
5968,59
5969,79
5970,99
5971,103
5972,65
5973,438
5974,65
5975,514
5976,83
5977,350
5978,100
5979,349
5980,205
5981,105
5982,68
5983,216
5984,99
5985,437
5986,240
5987,67
5988,117
5989,75
5990,78
5991,65
5992,514
5993,238
5994,353
5995,365
5996,67
5997,341
5998,408
5999,521
6000,64
6001,92
6002,65
6003,65
6004,317
6005,66
6006,99
6007,219
6008,480
6009,67
6010,67
6011,98
6012,99
6013,117
6014,59
6015,99
6016,105
6017,81
6018,92
6019,78
6020,213
6021,235
6022,104
6023,267
6024,244
6025,452
6026,67
6027,100
6028,63
6029,448
6030,216
6031,67
6032,500
6033,59
6034,63
6035,80
6036,65
6037,102
6038,332
6039,67
6040,78
6041,147
6042,78
6043,80
6044,63
6045,65
6046,63
6047,78
6048,68
6049,76
6050,67
6051,83
6052,59
6053,76
6054,64
6055,66
6056,62
6057,78
6058,97
6059,68
6060,65
6061,78
6062,80
6063,59
6064,67
6065,535
6066,65
6067,78
6068,100
6069,76
6070,63
6071,79
6072,334
6073,88
6074,325
6075,98
6076,83
6077,75
6078,66
6079,512
6080,509
6081,98
6082,517
6083,62
6084,103
6085,68
6086,78
6087,69
6088,78
6089,67
6090,142
6091,249
6092,101
6093,263
6094,80
6095,59
6096,59
6097,73
6098,99
6099,82
6100,65
6101,78
6102,343
6103,102
6104,215
6105,233
6106,76
6107,67
6108,68
6109,75
6110,118
6111,61
6112,78
6113,59
6114,78
6115,299
6116,122
6117,102
6118,344
6119,67
6120,103
6121,63
6122,99
6123,120
6124,103
6125,67
6126,100
6127,79
6128,98
6129,99
6130,62
6131,76
6132,66
6133,66
6134,103
6135,59
6136,100
6137,100
6138,65
6139,63
6140,79
6141,81
6142,68
6143,106
6144,79
6145,67
6146,104
6147,128
6148,100
6149,90
6150,63
6151,99
6152,78
6153,67
6154,100
6155,59
6156,99
6157,98
6158,102
6159,104
6160,67
6161,203
6162,236
6163,119
6164,66
6165,101
6166,63
6167,102
6168,82
6169,97
6170,69
6171,97
6172,75
6173,261
6174,64
6175,62
6176,64
6177,59
6178,432
6179,69
6180,240
6181,69
6182,508
6183,98
6184,65
6185,65
6186,65
6187,67
6188,100
6189,97
6190,102
6191,101
6192,67
6193,456
6194,80
6195,575
6196,97
6197,67
6198,67
6199,65
6200,68
6201,220
6202,97
6203,78
6204,67
6205,310
6206,79
6207,98
6208,98
6209,93
6210,120
6211,65
6212,59
6213,77
6214,78
6215,64
6216,67
6217,67
6218,262
6219,97
6220,97
6221,67
6222,118
6223,246
6224,476
6225,83
6226,77
6227,78
6228,102
6229,59
6230,75
6231,78
6232,77
6233,59
6234,131
6235,65
6236,486
6237,67
6238,70
6239,67
6240,85
6241,65
6242,104
6243,65
6244,83
6245,344
6246,68
6247,77
6248,65
6249,229
6250,69
6251,251
6252,79
6253,70
6254,65
6255,129
6256,520
6257,63
6258,321
6259,286
6260,68
6261,80
6262,68
6263,97
6264,59
6265,77
6266,106
6267,294
6268,81
6269,80
6270,59
6271,427
6272,97
6273,66
6274,482
6275,395
6276,65
6277,90
6278,66
6279,66
6280,67
6281,65
6282,221
6283,102
6284,121
6285,80
6286,102
6287,65
6288,67
6289,67
6290,557
6291,59
6292,494
6293,124
6294,78
6295,299
6296,78
6297,102
6298,102
6299,82
6300,68
6301,67
6302,79
6303,97
6304,72
6305,76
6306,125
6307,63
6308,78
6309,102
6310,102
6311,83
6312,75
6313,62
6314,101
6315,67
6316,99
6317,65
6318,79
6319,68
6320,65
6321,79
6322,65
6323,84
6324,353
6325,495
6326,78
6327,461
6328,99
6329,78
6330,467
6331,80
6332,63
6333,245
6334,211
6335,423
6336,99
6337,98
6338,67
6339,263
6340,59
6341,102
6342,337
6343,437
6344,65
6345,496
6346,63
6347,99
6348,65
6349,75
6350,65
6351,101
6352,67
6353,517
6354,98
6355,78
6356,122
6357,60
6358,67
6359,59
6360,78
6361,75
6362,78
6363,98
6364,75
6365,97
6366,351
6367,421
6368,66
6369,79
6370,462
6371,208
6372,97
6373,59
6374,67
6375,63
6376,67
6377,67
6378,103
6379,222
6380,67
6381,78
6382,78
6383,319
6384,64
6385,76
6386,65
6387,464
6388,340
6389,99
6390,69
6391,59
6392,102
6393,241
6394,207
6395,97
6396,100
6397,68
6398,59
6399,65
6400,78
6401,98
6402,101
6403,59
6404,98
6405,378
6406,320
6407,67
6408,313
6409,91
6410,67
6411,65
6412,62
6413,436
6414,239
6415,66
6416,351
6417,67
6418,337
6419,65
6420,75
6421,392
6422,59
6423,96
6424,116
6425,90
6426,67
6427,65
6428,102
6429,100
6430,66
6431,69
6432,79
6433,128
6434,97
6435,68
6436,303
6437,69
6438,74
6439,78
6440,65
6441,78
6442,385
6443,231
6444,99
6445,69
6446,521
6447,59
6448,279
6449,67
6450,78
6451,67
6452,67
6453,68
6454,497
6455,102
6456,488
6457,427
6458,215
6459,97
6460,65
6461,63
6462,65
6463,67
6464,59
6465,224
6466,59
6467,80
6468,126
6469,256
6470,75
6471,445
6472,65
6473,76
6474,67
6475,86
6476,68
6477,88
6478,101
6479,104
6480,100
6481,95
6482,97
6483,104
6484,329
6485,61
6486,100
6487,133
6488,104
6489,69
6490,99
6491,372
6492,58
6493,60
6494,59
6495,65
6496,63
6497,117
6498,338
6499,506
6500,67
6501,79
6502,79
6503,102
6504,263
6505,487
6506,247
6507,75
6508,63
6509,65
6510,100
6511,60
6512,67
6513,64
6514,71
6515,59
6516,64
6517,67
6518,224
6519,62
6520,65
6521,63
6522,67
6523,99
6524,67
6525,97
6526,401
6527,68
6528,67
6529,518
6530,419
6531,232
6532,80
6533,67
6534,61
6535,67
6536,446
6537,65
6538,65
6539,75
6540,97
6541,143
6542,61
6543,356
6544,65
6545,447
6546,65
6547,67
6548,102
6549,301
6550,104
6551,68
6552,89
6553,280
6554,78
6555,82
6556,200
6557,79
6558,78
6559,99
6560,59
6561,128
6562,67
6563,62
6564,78
6565,571
6566,97
6567,77
6568,69
6569,65
6570,62
6571,102
6572,63
6573,75
6574,99
6575,219
6576,123
6577,66
6578,101
6579,78
6580,98
6581,100
6582,78
6583,262
6584,65
6585,273
6586,101
6587,98
6588,67
6589,296
6590,78
6591,59
6592,80
6593,78
6594,103
6595,67
6596,78
6597,67
6598,98
6599,471
6600,77
6601,103
6602,97
6603,104
6604,365
6605,98
6606,75
6607,67
6608,127
6609,59
6610,67
6611,79
6612,235
6613,68
6614,315
6615,64
6616,75
6617,282
6618,89
6619,59
6620,60
6621,67
6622,121
6623,504
6624,79
6625,68
6626,67
6627,119
6628,79
6629,255
6630,321
6631,98
6632,333
6633,63
6634,65
6635,100
6636,129
6637,455
6638,102
6639,521
6640,66
6641,65
6642,98
6643,59
6644,98
6645,67
6646,68
6647,65
6648,218
6649,59
6650,67
6651,67
6652,68
6653,100
6654,78
6655,78
6656,63
6657,98
6658,63
6659,470
6660,59
6661,58
6662,97
6663,460
6664,78
6665,80
6666,67
6667,76
6668,97
6669,65
6670,78
6671,65
6672,63
6673,59
6674,67
6675,262
6676,510
6677,248
6678,77
6679,100
6680,103
6681,59
6682,60
6683,105
6684,65
6685,65
6686,98
6687,67
6688,82
6689,386
6690,100
6691,75
6692,117
6693,97
6694,78
6695,132
6696,59
6697,80
6698,104
6699,98
6700,67
6701,82
6702,520
6703,78
6704,333
6705,524
6706,79
6707,99
6708,86
6709,59
6710,257
6711,98
6712,377
6713,68
6714,78
6715,529
6716,223
6717,98
6718,473
6719,76
6720,60
6721,222
6722,80
6723,65
6724,117
6725,80
6726,119
6727,67
6728,78
6729,102
6730,67
6731,75
6732,65
6733,66
6734,339
6735,59
6736,417
6737,278
6738,540
6739,62
6740,337
6741,287
6742,63
6743,339
6744,59
6745,62
6746,80
6747,79
6748,77
6749,67
6750,404
6751,98
6752,97
6753,60
6754,68
6755,59
6756,119
6757,68
6758,433
6759,78
6760,63
6761,70
6762,62
6763,64
6764,65
6765,78
6766,65
6767,67
6768,60
6769,78
6770,65
6771,68
6772,103
6773,67
6774,75
6775,104
6776,97
6777,377
6778,256
6779,113
6780,314
6781,73
6782,100
6783,75
6784,476
6785,67
6786,64
6787,102
6788,78
6789,252
6790,59
6791,65
6792,101
6793,61
6794,67
6795,64
6796,104
6797,508
6798,103
6799,318
6800,90
6801,63
6802,60
6803,59
6804,99
6805,337
6806,65
6807,511
6808,78
6809,65
6810,99
6811,102
6812,103
6813,85
6814,105
6815,98
6816,98
6817,220
6818,63
6819,67
6820,80
6821,143
6822,98
6823,76
6824,78
6825,65
6826,67
6827,90
6828,65
6829,66
6830,123
6831,59
6832,62
6833,65
6834,59
6835,97
6836,99
6837,76
6838,124
6839,59
6840,69
6841,59
6842,78
6843,100
6844,65
6845,59
6846,59
6847,78
6848,99
6849,81
6850,100
6851,79
6852,345
6853,118
6854,65
6855,66
6856,86
6857,98
6858,80
6859,102
6860,337
6861,78
6862,78
6863,255
6864,97
6865,260
6866,64
6867,59
6868,63
6869,79
6870,399
6871,78
6872,60
6873,63
6874,67
6875,67
6876,67
6877,101
6878,506
6879,98
6880,98
6881,59
6882,120
6883,261
6884,67
6885,156
6886,77
6887,303
6888,99
6889,455
6890,68
6891,65
6892,100
6893,100
6894,338
6895,502
6896,67
6897,61
6898,238
6899,69
6900,98
6901,64
6902,59
6903,63
6904,105
6905,75
6906,66
6907,249
6908,64
6909,75
6910,69
6911,100
6912,517
6913,66
6914,67
6915,421
6916,65
6917,504
6918,78
6919,97
6920,75
6921,106
6922,67
6923,186
6924,99
6925,146
6926,59
6927,100
6928,129
6929,69
6930,65
6931,99
6932,102
6933,66
6934,67
6935,326
6936,90
6937,99
6938,76
6939,246
6940,75
6941,126
6942,111
6943,78
6944,65
6945,67
6946,131
6947,79
6948,488
6949,482
6950,64
6951,66
6952,63
6953,324
6954,65
6955,131
6956,65
6957,59
6958,329
6959,552
6960,100
6961,68
6962,63
6963,481
6964,239
6965,106
6966,218
6967,349
6968,63
6969,423
6970,97
6971,120
6972,98
6973,78
6974,97
6975,103
6976,77
6977,69
6978,67
6979,65
6980,67
6981,100
6982,124
6983,98
6984,459
6985,117
6986,102
6987,389
6988,223
6989,78
6990,316
6991,72
6992,66
6993,65
6994,67
6995,69
6996,102
6997,99
6998,67
6999,214
7000,75
7001,75
7002,63
7003,99
7004,456
7005,86
7006,67
7007,74
7008,67
7009,65
7010,98
7011,509
7012,117
7013,87
7014,59
7015,77
7016,103
7017,67
7018,99
7019,80
7020,102
7021,68
7022,100
7023,520
7024,75
7025,60
7026,331
7027,65
7028,63
7029,327
7030,101
7031,226
7032,66
7033,349
7034,343
7035,59
7036,97
7037,503
7038,104
7039,449
7040,97
7041,67
7042,97
7043,78
7044,86
7045,76
7046,73
7047,76
7048,450
7049,67
7050,101
7051,347
7052,72
7053,66
7054,67
7055,219
7056,237
7057,59
7058,69
7059,97
7060,94
7061,59
7062,68
7063,68
7064,76
7065,304
7066,67
7067,118
7068,440
7069,284
7070,59
7071,65
7072,68
7073,98
7074,215
7075,66
7076,119
7077,252
7078,59
7079,67
7080,79
7081,59
7082,75
7083,301
7084,67
7085,65
7086,434
7087,66
7088,65
7089,97
7090,67
7091,68
7092,78
7093,69
7094,68
7095,78
7096,59
7097,67
7098,103
7099,67
7100,64
7101,59
7102,462
7103,245
7104,66
7105,241
7106,452
7107,59
7108,79
7109,351
7110,82
7111,66
7112,67
7113,233
7114,67
7115,78
7116,68
7117,59
7118,75
7119,66
7120,262
7121,103
7122,103
7123,464
7124,364
7125,78
7126,63
7127,99
7128,65
7129,78
7130,497
7131,105
7132,66
7133,62
7134,566
7135,65
7136,80
7137,67
7138,98
7139,84
7140,98
7141,79
7142,78
7143,65
7144,61
7145,82
7146,67
7147,343
7148,65
7149,65
7150,233
7151,62
7152,67
7153,67
7154,66
7155,309
7156,63
7157,202
7158,75
7159,69
7160,105
7161,97
7162,512
7163,98
7164,67
7165,79
7166,501
7167,99
7168,63
7169,99
7170,78
7171,509
7172,97
7173,73
7174,78
7175,78
7176,67
7177,85
7178,67
7179,98
7180,244
7181,458
7182,79
7183,100
7184,99
7185,73
7186,59
7187,62
7188,333
7189,476
7190,65
7191,62
7192,99
7193,450
7194,78
7195,76
7196,115
7197,228
7198,68
7199,63
7200,107
7201,102
7202,252
7203,63
7204,64
7205,130
7206,65
7207,492
7208,75
7209,350
7210,119
7211,63
7212,68
7213,522
7214,61
7215,67
7216,63
7217,60
7218,67
7219,59
7220,85
7221,120
7222,66
7223,92
7224,97
7225,65
7226,453
7227,77
7228,78
7229,117
7230,99
7231,75
7232,62
7233,125
7234,102
7235,494
7236,63
7237,98
7238,67
7239,78
7240,78
7241,78
7242,88
7243,97
7244,68
7245,100
7246,97
7247,78
7248,67
7249,90
7250,65
7251,379
7252,68
7253,82
7254,475
7255,100
7256,63
7257,117
7258,421
7259,78
7260,483
7261,108
7262,99
7263,70
7264,88
7265,67
7266,67
7267,78
7268,78
7269,69
7270,97
7271,205
7272,63
7273,121
7274,86
7275,223
7276,77
7277,65
7278,65
7279,310
7280,479
7281,69
7282,123
7283,68
7284,59
7285,498
7286,137
7287,553
7288,104
7289,75
7290,127
7291,79
7292,60
7293,255
7294,75
7295,78
7296,66
7297,65
7298,506
7299,314
7300,67
7301,520
7302,65
7303,59
7304,102
7305,67
7306,69
7307,78
7308,80
7309,104
7310,63
7311,59
7312,427
7313,67
7314,67
7315,69
7316,98
7317,103
7318,73
7319,233
7320,79
7321,67
7322,67
7323,451
7324,97
7325,99
7326,117
7327,78
7328,78
7329,67
7330,103
7331,80
7332,204
7333,75
7334,101
7335,65
7336,347
7337,65
7338,102
7339,97
7340,67
7341,67
7342,66
7343,101
7344,77
7345,62
7346,232
7347,407
7348,78
7349,65
7350,59
7351,62
7352,99
7353,99
7354,502
7355,80
7356,64
7357,89
7358,319
7359,98
7360,63
7361,101
7362,79
7363,76
7364,118
7365,62
7366,63
7367,63
7368,262
7369,88
7370,219
7371,67
7372,59
7373,98
7374,118
7375,104
7376,67
7377,59
7378,62
7379,59
7380,77
7381,77
7382,65
7383,97
7384,67
7385,78
7386,80
7387,68
7388,65
7389,68
7390,535
7391,103
7392,104
7393,99
7394,101
7395,60
7396,68
7397,242
7398,70
7399,81
7400,102
7401,244
7402,103
7403,97
7404,121
7405,84
7406,67
7407,59
7408,235
7409,65
7410,66
7411,78
7412,129
7413,68
7414,66
7415,67
7416,382
7417,63
7418,97
7419,78
7420,62
7421,78
7422,78
7423,102
7424,104
7425,99
7426,74
7427,530
7428,99
7429,79
7430,97
7431,98
7432,534
7433,70
7434,63
7435,385
7436,59
7437,68
7438,104
7439,243
7440,120
7441,457
7442,65
7443,71
7444,473
7445,99
7446,97
7447,343
7448,156
7449,98
7450,416
7451,291
7452,113
7453,78
7454,66
7455,65
7456,67
7457,68
7458,65
7459,70
7460,65
7461,98
7462,67
7463,68
7464,99
7465,231
7466,99
7467,99
7468,227
7469,59
7470,79
7471,76
7472,79
7473,98
7474,345
7475,100
7476,99
7477,67
7478,81
7479,276
7480,67
7481,75
7482,59
7483,99
7484,229
7485,75
7486,99
7487,68
7488,93
7489,97
7490,99
7491,332
7492,68
7493,100
7494,97
7495,67
7496,68
7497,97
7498,65
7499,80
7500,59
7501,65
7502,60
7503,99
7504,126
7505,65
7506,333
7507,75
7508,98
7509,101
7510,125
7511,105
7512,78
7513,223
7514,103
7515,216
7516,93
7517,63
7518,68
7519,75
7520,69
7521,66
7522,97
7523,236
7524,67
7525,97
7526,97
7527,68
7528,118
7529,98
7530,80
7531,99
7532,65
7533,99
7534,59
7535,347
7536,79
7537,224
7538,65
7539,120
7540,67
7541,344
7542,65
7543,67
7544,68
7545,78
7546,367
7547,64
7548,67
7549,59
7550,75
7551,62
7552,62
7553,117
7554,61
7555,99
7556,102
7557,59
7558,99
7559,59
7560,97
7561,68
7562,98
7563,68
7564,81
7565,75
7566,78
7567,68
7568,80
7569,104
7570,63
7571,66
7572,225
7573,78
7574,69
7575,99
7576,269
7577,100
7578,68
7579,68
7580,78
7581,78
7582,241
7583,63
7584,67
7585,101
7586,78
7587,78
7588,98
7589,106
7590,67
7591,79
7592,100
7593,98
7594,280
7595,90
7596,439
7597,225
7598,97
7599,78
7600,63
7601,63
7602,65
7603,102
7604,581
7605,67
7606,67
7607,464
7608,78
7609,261
7610,227
7611,59
7612,65
7613,69
7614,75
7615,65
7616,59
7617,69
7618,224
7619,99
7620,123
7621,67
7622,211
7623,388
7624,63
7625,78
7626,97
7627,77
7628,78
7629,67
7630,68
7631,62
7632,59
7633,80
7634,63
7635,79
7636,98
7637,526
7638,75
7639,67
7640,59
7641,102
7642,67
7643,63
7644,68
7645,59
7646,59
7647,67
7648,64
7649,328
7650,61
7651,75
7652,96
7653,63
7654,443
7655,92
7656,354
7657,78
7658,494
7659,98
7660,60
7661,247
7662,126
7663,78
7664,319
7665,67
7666,99
7667,75
7668,80
7669,68
7670,68
7671,59
7672,103
7673,78
7674,492
7675,75
7676,78
7677,102
7678,67
7679,230
7680,67
7681,81
7682,100
7683,60
7684,65
7685,65
7686,267
7687,305
7688,67
7689,233
7690,104
7691,103
7692,90
7693,63
7694,59
7695,96
7696,97
7697,59
7698,97
7699,331
7700,67
7701,99
7702,63
7703,143
7704,75
7705,481
7706,68
7707,78
7708,93
7709,98
7710,161
7711,67
7712,59
7713,102
7714,68
7715,119
7716,219
7717,79
7718,219
7719,69
7720,326
7721,99
7722,99
7723,61
7724,64
7725,60
7726,225
7727,65
7728,100
7729,73
7730,99
7731,122
7732,392
7733,225
7734,99
7735,79
7736,329
7737,365
7738,64
7739,78
7740,63
7741,468
7742,78
7743,69
7744,64
7745,79
7746,127
7747,66
7748,428
7749,65
7750,78
7751,85
7752,99
7753,92
7754,99
7755,215
7756,65
7757,514
7758,79
7759,65
7760,454
7761,493
7762,79
7763,65
7764,67
7765,80
7766,78
7767,63
7768,66
7769,492
7770,506
7771,67
7772,77
7773,146
7774,79
7775,74
7776,100
7777,226
7778,75
7779,67
7780,62
7781,79
7782,79
7783,100
7784,455
7785,320
7786,354
7787,112
7788,81
7789,354
7790,116
7791,97
7792,77
7793,76
7794,65
7795,70
7796,70
7797,354
7798,104
7799,67
7800,502
7801,337
7802,58
7803,80
7804,63
7805,100
7806,63
7807,75
7808,78
7809,102
7810,106
7811,90
7812,271
7813,65
7814,350
7815,107
7816,59
7817,64
7818,103
7819,78
7820,103
7821,65
7822,67
7823,99
7824,78
7825,98
7826,232
7827,285
7828,372
7829,65
7830,69
7831,93
7832,65
7833,69
7834,98
7835,99
7836,65
7837,65
7838,75
7839,65
7840,515
7841,348
7842,221
7843,67
7844,99
7845,97
7846,78
7847,67
7848,97
7849,75
7850,118
7851,63
7852,59
7853,97
7854,98
7855,320
7856,63
7857,523
7858,68
7859,102
7860,225
7861,61
7862,418
7863,67
7864,69
7865,518
7866,126
7867,418
7868,66
7869,100
7870,228
7871,62
7872,118
7873,78
7874,65
7875,523
7876,59
7877,104
7878,78
7879,60
7880,102
7881,67
7882,127
7883,65
7884,65
7885,59
7886,63
7887,68
7888,381
7889,65
7890,65
7891,104
7892,126
7893,78
7894,79
7895,65
7896,58
7897,426
7898,97
7899,58
7900,97
7901,75
7902,59
7903,103
7904,64
7905,102
7906,236
7907,99
7908,92
7909,338
7910,454
7911,79
7912,98
7913,65
7914,74
7915,75
7916,76
7917,67
7918,331
7919,68
7920,59
7921,107
7922,244
7923,62
7924,215
7925,78
7926,67
7927,78
7928,224
7929,99
7930,502
7931,76
7932,67
7933,80
7934,81
7935,78
7936,101
7937,102
7938,315
7939,102
7940,99
7941,67
7942,78
7943,65
7944,102
7945,67
7946,67
7947,65
7948,67
7949,63
7950,79
7951,78
7952,100
7953,130
7954,98
7955,76
7956,67
7957,67
7958,61
7959,79
7960,352
7961,238
7962,99
7963,102
7964,102
7965,63
7966,103
7967,75
7968,479
7969,236
7970,66
7971,350
7972,75
7973,107
7974,97
7975,327
7976,97
7977,318
7978,69
7979,360
7980,65
7981,64
7982,74
7983,59
7984,67
7985,67
7986,67
7987,81
7988,80
7989,67
7990,67
7991,65
7992,105
7993,59
7994,67
7995,64
7996,472
7997,225
7998,67
7999,111
8000,98
8001,64
8002,126
8003,72
8004,133
8005,240
8006,102
8007,69
8008,502
8009,59
8010,69
8011,59
8012,98
8013,78
8014,331
8015,62
8016,69
8017,59
8018,83
8019,78
8020,333
8021,62
8022,67
8023,78
8024,79
8025,102
8026,102
8027,117
8028,65
8029,120
8030,98
8031,67
8032,70
8033,76
8034,96
8035,274
8036,511
8037,67
8038,69
8039,107
8040,83
8041,326
8042,59
8043,86
8044,67
8045,210
8046,62
8047,79
8048,65
8049,77
8050,235
8051,75
8052,79
8053,68
8054,91
8055,62
8056,66
8057,67
8058,86
8059,68
8060,65
8061,103
8062,59
8063,465
8064,97
8065,64
8066,59
8067,357
8068,68
8069,97
8070,211
8071,68
8072,59
8073,67
8074,68
8075,97
8076,67
8077,59
8078,102
8079,60
8080,124
8081,232
8082,474
8083,60
8084,446
8085,67
8086,65
8087,313
8088,456
8089,64
8090,222
8091,86
8092,66
8093,99
8094,67
8095,477
8096,60
8097,80
8098,300
8099,97
8100,75
8101,104
8102,148
8103,198
8104,85
8105,328
8106,103
8107,79
8108,69
8109,65
8110,120
8111,68
8112,67
8113,82
8114,59
8115,86
8116,63
8117,73
8118,101
8119,459
8120,102
8121,426
8122,228
8123,71
8124,83
8125,65
8126,63
8127,79
8128,77
8129,67
8130,82
8131,421
8132,66
8133,97
8134,332
8135,69
8136,66
8137,97
8138,98
8139,67
8140,134
8141,99
8142,68
8143,60
8144,69
8145,224
8146,102
8147,86
8148,353
8149,75
8150,66
8151,242
8152,63
8153,77
8154,76
8155,75
8156,102
8157,82
8158,327
8159,97
8160,97
8161,83
8162,75
8163,59
8164,70
8165,65
8166,65
8167,79
8168,80
8169,103
8170,67
8171,78
8172,321
8173,66
8174,68
8175,339
8176,67
8177,97
8178,78
8179,117
8180,67
8181,65
8182,75
8183,78
8184,109
8185,97
8186,65
8187,234
8188,78
8189,67
8190,483
8191,118
8192,67
8193,342
8194,97
8195,86
8196,58
8197,62
8198,102
8199,99
8200,507
8201,68
8202,434
8203,67
8204,65
8205,77
8206,79
8207,100
8208,68
8209,232
8210,481
8211,99
8212,67
8213,59
8214,99
8215,277
8216,67
8217,222
8218,335
8219,59
8220,102
8221,67
8222,75
8223,232
8224,98
8225,97
8226,97
8227,100
8228,78
8229,378
8230,61
8231,79
8232,67
8233,120
8234,504
8235,69
8236,79
8237,78
8238,65
8239,101
8240,65
8241,123
8242,66
8243,63
8244,97
8245,63
8246,66
8247,103
8248,65
8249,221
8250,67
8251,513
8252,67
8253,305
8254,210
8255,65
8256,67
8257,65
8258,79
8259,97
8260,68
8261,67
8262,65
8263,99
8264,70
8265,79
8266,63
8267,321
8268,100
8269,64
8270,75
8271,59
8272,216
8273,652
8274,104
8275,60
8276,78
8277,508
8278,67
8279,505
8280,78
8281,372
8282,425
8283,65
8284,468
8285,98
8286,84
8287,62
8288,76
8289,324
8290,78
8291,580
8292,78
8293,62
8294,98
8295,222
8296,206
8297,59
8298,69
8299,67
8300,76
8301,67
8302,130
8303,77
8304,78
8305,98
8306,331
8307,461
8308,65
8309,67
8310,284
8311,78
8312,59
8313,69
8314,67
8315,98
8316,78
8317,80
8318,97
8319,66
8320,67
8321,78
8322,221
8323,435
8324,63
8325,99
8326,64
8327,59
8328,62
8329,97
8330,104
8331,124
8332,67
8333,73
8334,67
8335,62
8336,102
8337,67
8338,68
8339,77
8340,62
8341,74
8342,541
8343,255
8344,78
8345,69
8346,425
8347,74
8348,126
8349,104
8350,78
8351,408
8352,323
8353,78
8354,102
8355,59
8356,59
8357,313
8358,78
8359,97
8360,324
8361,119
8362,97
8363,447
8364,62
8365,67
8366,364
8367,70
8368,123
8369,64
8370,491
8371,67
8372,103
8373,326
8374,104
8375,60
8376,246
8377,101
8378,59
8379,78
8380,66
8381,98
8382,65
8383,231
8384,78
8385,102
8386,98
8387,92
8388,127
8389,355
8390,65
8391,75
8392,59
8393,80
8394,67
8395,59
8396,67
8397,68
8398,65
8399,65
8400,78
8401,97
8402,78
8403,281
8404,78
8405,77
8406,79
8407,100
8408,69
8409,340
8410,105
8411,98
8412,88
8413,524
8414,78
8415,78
8416,62
8417,433
8418,127
8419,79
8420,99
8421,103
8422,104
8423,235
8424,229
8425,65
8426,60
8427,100
8428,100
8429,219
8430,65
8431,65
8432,98
8433,78
8434,97
8435,101
8436,315
8437,66
8438,59
8439,359
8440,105
8441,75
8442,78
8443,555
8444,552
8445,67
8446,392
8447,63
8448,78
8449,63
8450,67
8451,102
8452,65
8453,331
8454,100
8455,228
8456,67
8457,65
8458,376
8459,484
8460,65
8461,217
8462,98
8463,126
8464,101
8465,78
8466,97
8467,100
8468,68
8469,59
8470,79
8471,63
8472,80
8473,258
8474,244
8475,68
8476,143
8477,78
8478,58
8479,69
8480,342
8481,78
8482,75
8483,69
8484,483
8485,62
8486,78
8487,75
8488,130
8489,63
8490,97
8491,100
8492,100
8493,78
8494,70
8495,100
8496,70
8497,97
8498,65
8499,98
8500,202
8501,72
8502,65
8503,75
8504,450
8505,78
8506,101
8507,98
8508,78
8509,68
8510,322
8511,98
8512,67
8513,62
8514,464
8515,506
8516,98
8517,486
8518,79
8519,69
8520,65
8521,65
8522,524
8523,80
8524,78
8525,78
8526,75
8527,59
8528,98
8529,62
8530,64
8531,97
8532,336
8533,61
8534,355
8535,99
8536,67
8537,429
8538,67
8539,67
8540,472
8541,78
8542,104
8543,80
8544,226
8545,104
8546,65
8547,62
8548,78
8549,65
8550,69
8551,100
8552,470
8553,79
8554,67
8555,230
8556,203
8557,80
8558,97
8559,67
8560,98
8561,97
8562,465
8563,435
8564,65
8565,68
8566,99
8567,99
8568,105
8569,304
8570,61
8571,64
8572,62
8573,68
8574,221
8575,68
8576,315
8577,67
8578,69
8579,68
8580,65
8581,65
8582,62
8583,91
8584,70
8585,439
8586,69
8587,68
8588,67
8589,440
8590,67
8591,218
8592,448
8593,348
8594,429
8595,70
8596,67
8597,154
8598,328
8599,68
8600,329
8601,118
8602,67
8603,63
8604,320
8605,75
8606,102
8607,90
8608,97
8609,67
8610,79
8611,78
8612,67
8613,65
8614,327
8615,450
8616,100
8617,66
8618,59
8619,68
8620,62
8621,103
8622,218
8623,252
8624,98
8625,216
8626,103
8627,97
8628,63
8629,67
8630,98
8631,97
8632,59
8633,483
8634,325
8635,79
8636,98
8637,506
8638,86
8639,98
8640,124
8641,97
8642,65
8643,76
8644,62
8645,79
8646,67
8647,60
8648,68
8649,101
8650,79
8651,65
8652,68
8653,78
8654,67
8655,65
8656,118
8657,78
8658,86
8659,67
8660,69
8661,100
8662,75
8663,222
8664,107
8665,460
8666,80
8667,79
8668,99
8669,65
8670,69
8671,101
8672,233
8673,62
8674,69
8675,100
8676,65
8677,79
8678,66
8679,98
8680,67
8681,527
8682,67
8683,65
8684,73
8685,79
8686,94
8687,68
8688,99
8689,78
8690,226
8691,100
8692,62
8693,234
8694,102
8695,370
8696,80
8697,100
8698,93
8699,344
8700,342
8701,62
8702,73
8703,65
8704,97
8705,78
8706,60
8707,67
8708,68
8709,101
8710,78
8711,68
8712,67
8713,67
8714,63
8715,102
8716,103
8717,65
8718,67
8719,64
8720,320
8721,62
8722,102
8723,120
8724,84
8725,100
8726,78
8727,124
8728,331
8729,65
8730,79
8731,65
8732,462
8733,73
8734,100
8735,73
8736,77
8737,227
8738,68
8739,64
8740,79
8741,79
8742,59
8743,77
8744,65
8745,63
8746,67
8747,79
8748,493
8749,118
8750,65
8751,212
8752,68
8753,117
8754,500
8755,105
8756,68
8757,75
8758,69
8759,63
8760,100
8761,75
8762,81
8763,78
8764,218
8765,78
8766,286
8767,97
8768,213
8769,79
8770,67
8771,247
8772,503
8773,82
8774,80
8775,68
8776,105
8777,97
8778,78
8779,63
8780,67
8781,59
8782,428
8783,82
8784,68
8785,351
8786,65
8787,68
8788,101
8789,99
8790,75
8791,104
8792,63
8793,515
8794,64
8795,64
8796,198
8797,59
8798,67
8799,214
8800,68
8801,446
8802,115
8803,350
8804,79
8805,98
8806,356
8807,79
8808,62
8809,68
8810,65
8811,65
8812,80
8813,118
8814,99
8815,266
8816,97
8817,67
8818,77
8819,100
8820,98
8821,81
8822,66
8823,277
8824,85
8825,106
8826,97
8827,67
8828,99
8829,220
8830,85
8831,75
8832,106
8833,99
8834,469
8835,75
8836,340
8837,127
8838,267
8839,69
8840,90
8841,119
8842,76
8843,67
8844,59
8845,67
8846,108
8847,59
8848,67
8849,68
8850,77
8851,65
8852,77
8853,78
8854,79
8855,222
8856,67
8857,65
8858,96
8859,103
8860,67
8861,78
8862,67
8863,75
8864,97
8865,67
8866,224
8867,99
8868,79
8869,230
8870,87
8871,62
8872,97
8873,59
8874,102
8875,80
8876,99
8877,99
8878,59
8879,80
8880,128
8881,98
8882,78
8883,67
8884,77
8885,240
8886,67
8887,231
8888,67
8889,121
8890,67
8891,67
8892,103
8893,67
8894,59
8895,112
8896,98
8897,80
8898,543
8899,61
8900,97
8901,63
8902,99
8903,81
8904,69
8905,98
8906,80
8907,106
8908,100
8909,74
8910,71
8911,224
8912,98
8913,63
8914,78
8915,61
8916,226
8917,98
8918,65
8919,67
8920,543
8921,267
8922,220
8923,222
8924,77
8925,65
8926,59
8927,119
8928,78
8929,79
8930,103
8931,98
8932,65
8933,98
8934,511
8935,69
8936,78
8937,121
8938,443
8939,100
8940,68
8941,493
8942,118
8943,67
8944,388
8945,62
8946,92
8947,100
8948,68
8949,67
8950,511
8951,419
8952,65
8953,78
8954,68
8955,62
8956,65
8957,59
8958,67
8959,146
8960,59
8961,102
8962,68
8963,67
8964,97
8965,124
8966,461
8967,63
8968,60
8969,65
8970,69
8971,67
8972,233
8973,119
8974,226
8975,118
8976,97
8977,59
8978,69
8979,100
8980,78
8981,75
8982,66
8983,65
8984,75
8985,497
8986,491
8987,69
8988,59
8989,60
8990,79
8991,69
8992,233
8993,219
8994,92
8995,358
8996,67
8997,67
8998,249
8999,63
9000,99
9001,78
9002,65
9003,65
9004,65
9005,103
9006,103
9007,65
9008,59
9009,127
9010,103
9011,98
9012,67
9013,119
9014,97
9015,61
9016,220
9017,71
9018,80
9019,84
9020,67
9021,232
9022,142
9023,65
9024,62
9025,67
9026,102
9027,66
9028,78
9029,79
9030,67
9031,75
9032,61
9033,66
9034,59
9035,103
9036,75
9037,78
9038,513
9039,64
9040,442
9041,100
9042,99
9043,116
9044,99
9045,80
9046,61
9047,65
9048,67
9049,62
9050,67
9051,59
9052,65
9053,286
9054,222
9055,59
9056,79
9057,98
9058,99
9059,66
9060,59
9061,97
9062,191
9063,59
9064,120
9065,487
9066,497
9067,65
9068,319
9069,100
9070,78
9071,541
9072,123
9073,496
9074,503
9075,97
9076,75
9077,117
9078,71
9079,98
9080,97
9081,98
9082,79
9083,143
9084,80
9085,98
9086,78
9087,78
9088,68
9089,63
9090,78
9091,65
9092,118
9093,67
9094,78
9095,67
9096,454
9097,77
9098,78
9099,64
9100,87
9101,103
9102,117
9103,79
9104,65
9105,278
9106,223
9107,99
9108,227
9109,67
9110,78
9111,456
9112,65
9113,65
9114,59
9115,79
9116,59
9117,75
9118,86
9119,65
9120,327
9121,67
9122,90
9123,105
9124,67
9125,99
9126,68
9127,78
9128,486
9129,78
9130,69
9131,65
9132,270
9133,79
9134,338
9135,224
9136,348
9137,60
9138,90
9139,86
9140,69
9141,65
9142,225
9143,67
9144,103
9145,63
9146,470
9147,77
9148,100
9149,77
9150,65
9151,336
9152,102
9153,479
9154,85
9155,63
9156,65
9157,224
9158,118
9159,63
9160,224
9161,154
9162,70
9163,102
9164,65
9165,68
9166,103
9167,59
9168,97
9169,62
9170,98
9171,511
9172,102
9173,67
9174,227
9175,67
9176,97
9177,104
9178,65
9179,333
9180,102
9181,98
9182,61
9183,494
9184,530
9185,78
9186,97
9187,377
9188,67
9189,106
9190,97
9191,98
9192,70
9193,118
9194,67
9195,63
9196,80
9197,97
9198,67
9199,79
9200,86
9201,62
9202,97
9203,66
9204,100
9205,465
9206,75
9207,244
9208,101
9209,76
9210,261
9211,98
9212,66
9213,67
9214,102
9215,97
9216,222
9217,81
9218,229
9219,101
9220,67
9221,101
9222,530
9223,103
9224,78
9225,67
9226,69
9227,66
9228,78
9229,78
9230,67
9231,77
9232,67
9233,78
9234,63
9235,221
9236,65
9237,216
9238,100
9239,67
9240,546
9241,99
9242,67
9243,75
9244,63
9245,68
9246,97
9247,219
9248,87
9249,75
9250,75
9251,97
9252,283
9253,64
9254,80
9255,329
9256,78
9257,100
9258,123
9259,78
9260,82
9261,79
9262,67
9263,68
9264,82
9265,222
9266,483
9267,59
9268,76
9269,221
9270,65
9271,67
9272,67
9273,69
9274,492
9275,76
9276,75
9277,99
9278,70
9279,75
9280,342
9281,67
9282,97
9283,78
9284,78
9285,79
9286,79
9287,528
9288,78
9289,78
9290,78
9291,100
9292,119
9293,69
9294,534
9295,105
9296,103
9297,60
9298,65
9299,60
9300,68
9301,328
9302,75
9303,343
9304,67
9305,113
9306,126
9307,67
9308,226
9309,63
9310,78
9311,98
9312,58
9313,97
9314,79
9315,63
9316,65
9317,97
9318,408
9319,323
9320,80
9321,100
9322,119
9323,65
9324,67
9325,65
9326,59
9327,79
9328,216
9329,100
9330,59
9331,60
9332,75
9333,93
9334,97
9335,59
9336,99
9337,67
9338,65
9339,79
9340,504
9341,104
9342,221
9343,123
9344,295
9345,75
9346,68
9347,65
9348,68
9349,101
9350,226
9351,453
9352,340
9353,121
9354,347
9355,68
9356,67
9357,99
9358,529
9359,103
9360,66
9361,63
9362,67
9363,86
9364,59
9365,99
9366,65
9367,75
9368,80
9369,252
9370,350
9371,97
9372,97
9373,229
9374,65
9375,438
9376,78
9377,78
9378,63
9379,68
9380,543
9381,67
9382,104
9383,65
9384,65
9385,75
9386,63
9387,67
9388,65
9389,97
9390,97
9391,535
9392,337
9393,65
9394,62
9395,67
9396,97
9397,67
9398,58
9399,78
9400,93
9401,84
9402,59
9403,63
9404,62
9405,63
9406,490
9407,376
9408,78
9409,103
9410,117
9411,78
9412,68
9413,62
9414,67
9415,67
9416,343
9417,64
9418,73
9419,59
9420,92
9421,256
9422,275
9423,67
9424,68
9425,99
9426,65
9427,104
9428,67
9429,67
9430,69
9431,318
9432,208
9433,79
9434,78
9435,98
9436,106
9437,67
9438,63
9439,65
9440,517
9441,230
9442,69
9443,100
9444,71
9445,69
9446,142
9447,77
9448,68
9449,97
9450,232
9451,68
9452,68
9453,70
9454,79
9455,99
9456,69
9457,59
9458,102
9459,59
9460,221
9461,63
9462,83
9463,60
9464,492
9465,97
9466,534
9467,261
9468,76
9469,506
9470,230
9471,219
9472,227
9473,129
9474,78
9475,62
9476,99
9477,65
9478,79
9479,78
9480,65
9481,78
9482,67
9483,98
9484,380
9485,67
9486,534
9487,98
9488,65
9489,68
9490,86
9491,271
9492,81
9493,77
9494,75
9495,67
9496,78
9497,67
9498,99
9499,99
9500,76
9501,103
9502,83
9503,518
9504,80
9505,358
9506,65
9507,99
9508,473
9509,67
9510,78
9511,549
9512,307
9513,67
9514,72
9515,66
9516,59
9517,60
9518,97
9519,97
9520,66
9521,69
9522,59
9523,65
9524,256
9525,103
9526,450
9527,67
9528,64
9529,341
9530,488
9531,59
9532,102
9533,80
9534,223
9535,77
9536,62
9537,59
9538,66
9539,96
9540,59
9541,191
9542,64
9543,97
9544,59
9545,98
9546,77
9547,65
9548,68
9549,98
9550,102
9551,231
9552,68
9553,67
9554,79
9555,98
9556,62
9557,99
9558,66
9559,319
9560,59
9561,78
9562,236
9563,283
9564,68
9565,66
9566,78
9567,99
9568,219
9569,313
9570,69
9571,481
9572,67
9573,69
9574,64
9575,326
9576,104
9577,96
9578,97
9579,63
9580,346
9581,99
9582,62
9583,230
9584,80
9585,223
9586,120
9587,67
9588,67
9589,66
9590,63
9591,79
9592,99
9593,67
9594,215
9595,67
9596,234
9597,100
9598,63
9599,99
9600,75
9601,75
9602,60
9603,97
9604,348
9605,97
9606,84
9607,86
9608,68
9609,67
9610,78
9611,100
9612,103
9613,490
9614,485
9615,75
9616,65
9617,105
9618,67
9619,80
9620,78
9621,99
9622,59
9623,94
9624,67
9625,63
9626,67
9627,77
9628,99
9629,65
9630,78
9631,65
9632,98
9633,97
9634,75
9635,69
9636,68
9637,101
9638,503
9639,86
9640,341
9641,59
9642,207
9643,85
9644,357
9645,220
9646,67
9647,78
9648,67
9649,64
9650,104
9651,99
9652,108
9653,68
9654,448
9655,349
9656,80
9657,79
9658,77
9659,63
9660,69
9661,101
9662,63
9663,76
9664,68
9665,80
9666,214
9667,67
9668,314
9669,74
9670,67
9671,67
9672,241
9673,67
9674,78
9675,59
9676,62
9677,347
9678,246
9679,339
9680,63
9681,99
9682,68
9683,62
9684,67
9685,452
9686,67
9687,74
9688,89
9689,240
9690,99
9691,100
9692,99
9693,99
9694,78
9695,482
9696,80
9697,535
9698,99
9699,293
9700,75
9701,101
9702,102
9703,67
9704,78
9705,65
9706,69
9707,59
9708,78
9709,98
9710,502
9711,78
9712,65
9713,82
9714,429
9715,78
9716,63
9717,74
9718,67
9719,254
9720,549
9721,63
9722,93
9723,59
9724,477
9725,67
9726,59
9727,219
9728,78
9729,78
9730,99
9731,59
9732,63
9733,293
9734,79
9735,374
9736,59
9737,319
9738,67
9739,208
9740,60
9741,59
9742,331
9743,78
9744,76
9745,100
9746,67
9747,102
9748,69
9749,98
9750,352
9751,97
9752,97
9753,61
9754,83
9755,65
9756,98
9757,490
9758,100
9759,99
9760,79
9761,97
9762,294
9763,491
9764,66
9765,66
9766,135
9767,103
9768,102
9769,62
9770,62
9771,122
9772,59
9773,101
9774,222
9775,59
9776,75
9777,370
9778,66
9779,76
9780,67
9781,68
9782,98
9783,101
9784,104
9785,67
9786,78
9787,238
9788,60
9789,543
9790,67
9791,353
9792,301
9793,67
9794,99
9795,85
9796,77
9797,77
9798,341
9799,78
9800,99
9801,97
9802,69
9803,97
9804,554
9805,102
9806,422
9807,97
9808,449
9809,67
9810,282
9811,73
9812,78
9813,73
9814,59
9815,77
9816,65
9817,63
9818,78
9819,379
9820,66
9821,120
9822,102
9823,63
9824,65
9825,67
9826,65
9827,67
9828,59
9829,67
9830,62
9831,102
9832,461
9833,78
9834,103
9835,100
9836,65
9837,102
9838,100
9839,68
9840,100
9841,65
9842,99
9843,478
9844,67
9845,552
9846,474
9847,67
9848,68
9849,100
9850,60
9851,128
9852,433
9853,79
9854,296
9855,66
9856,466
9857,153
9858,318
9859,503
9860,472
9861,498
9862,67
9863,124
9864,70
9865,67
9866,77
9867,64
9868,102
9869,80
9870,524
9871,65
9872,249
9873,79
9874,92
9875,75
9876,124
9877,65
9878,510
9879,76
9880,75
9881,67
9882,106
9883,348
9884,337
9885,103
9886,67
9887,100
9888,117
9889,69
9890,68
9891,235
9892,255
9893,79
9894,65
9895,69
9896,59
9897,529
9898,100
9899,97
9900,443
9901,66
9902,275
9903,68
9904,59
9905,97
9906,123
9907,81
9908,78
9909,103
9910,99
9911,66
9912,65
9913,103
9914,79
9915,59
9916,67
9917,101
9918,63
9919,59
9920,443
9921,99
9922,104
9923,63
9924,59
9925,68
9926,235
9927,76
9928,75
9929,97
9930,77
9931,99
9932,97
9933,66
9934,77
9935,60
9936,224
9937,68
9938,59
9939,118
9940,67
9941,80
9942,98
9943,117
9944,78
9945,271
9946,99
9947,64
9948,68
9949,68
9950,67
9951,104
9952,63
9953,79
9954,102
9955,69
9956,65
9957,114
9958,87
9959,62
9960,67
9961,118
9962,503
9963,72
9964,97
9965,354
9966,98
9967,86
9968,79
9969,65
9970,104
9971,99
9972,78
9973,65
9974,99
9975,298
9976,59
9977,78
9978,104
9979,75
9980,426
9981,67
9982,125
9983,100
9984,59
9985,63
9986,510
9987,63
9988,98
9989,117
9990,98
9991,554
9992,216
9993,220
9994,67
9995,101
9996,59
9997,98
9998,99
9999,89
10000,468
10001,79
10002,70
10003,319
10004,67
10005,304
10006,465
10007,243
10008,67
10009,270
10010,275
10011,100
10012,257
10013,62
10014,253
10015,127
10016,87
10017,124
10018,235
10019,80
10020,64
10021,527
10022,523
10023,64
10024,67
10025,124
10026,98
10027,68
10028,60
10029,76
10030,517
10031,76
10032,78
10033,99
10034,64
10035,65
10036,69
10037,341
10038,454
10039,63
10040,67
10041,67
10042,445
10043,542
10044,279
10045,68
10046,64
10047,409
10048,351
10049,68
10050,65
10051,78
10052,101
10053,67
10054,67
10055,84
10056,101
10057,70
10058,68
10059,59
10060,65
10061,86
10062,97
10063,118
10064,97
10065,78
10066,67
10067,78
10068,97
10069,105
10070,60
10071,97
10072,98
10073,344
10074,59
10075,489
10076,318
10077,122
10078,79
10079,154
10080,63
10081,244
10082,78
10083,99
10084,88
10085,77
10086,75
10087,98
10088,122
10089,86
10090,65
10091,119
10092,360
10093,62
10094,98
10095,67
10096,78
10097,421
10098,59
10099,104
10100,102
10101,487
10102,60
10103,65
10104,59
10105,59
10106,62
10107,78
10108,87
10109,67
10110,252
10111,98
10112,126
10113,103
10114,67
10115,224
10116,60
10117,75
10118,65
10119,225
10120,66
10121,98
10122,78
10123,465
10124,105
10125,450
10126,97
10127,97
10128,78
10129,65
10130,118
10131,100
10132,81
10133,75
10134,97
10135,506
10136,145
10137,69
10138,102
10139,98
10140,124
10141,61
10142,117
10143,78
10144,75
10145,227
10146,75
10147,505
10148,67
10149,60
10150,98
10151,102
10152,69
10153,101
10154,58
10155,67
10156,68
10157,65
10158,83
10159,75
10160,78
10161,59
10162,99
10163,392
10164,227
10165,82
10166,68
10167,74
10168,94
10169,65
10170,429
10171,63
10172,68
10173,360
10174,65
10175,334
10176,271
10177,97
10178,70
10179,97
10180,65
10181,354
10182,99
10183,337
10184,65
10185,117
10186,104
10187,65
10188,65
10189,60
10190,99
10191,75
10192,482
10193,60
10194,68
10195,292
10196,406
10197,99
10198,65
10199,69
10200,75
10201,337
10202,66
10203,444
10204,75
10205,97
10206,78
10207,67
10208,67
10209,492
10210,67
10211,78
10212,67
10213,67
10214,83
10215,98
10216,67
10217,208
10218,117
10219,509
10220,78
10221,470
10222,80
10223,325
10224,97
10225,99
10226,67
10227,82
10228,237
10229,83
10230,65
10231,102
10232,502
10233,65
10234,77
10235,97
10236,101
10237,78
10238,353
10239,78
10240,77
10241,76
10242,59
10243,75
10244,415
10245,256
10246,65
10247,65
10248,482
10249,462
10250,102
10251,97
10252,452
10253,101
10254,322
10255,78
10256,87
10257,102
10258,59
10259,67
10260,68
10261,65
10262,67
10263,68
10264,68
10265,82
10266,67
10267,97
10268,203
10269,260
10270,75
10271,103
10272,236
10273,78
10274,65
10275,98
10276,90
10277,65
10278,67
10279,65
10280,76
10281,75
10282,119
10283,68
10284,63
10285,78
10286,112
10287,60
10288,98
10289,97
10290,65
10291,65
10292,121
10293,63
10294,59
10295,67
10296,67
10297,489
10298,82
10299,59
10300,81
10301,75
10302,302
10303,67
10304,329
10305,70
10306,82
10307,65
10308,236
10309,76
10310,115
10311,78
10312,72
10313,79
10314,67
10315,100
10316,98
10317,242
10318,77
10319,98
10320,527
10321,78
10322,66
10323,78
10324,100
10325,67
10326,99
10327,100
10328,219
10329,100
10330,76
10331,117
10332,426
10333,67
10334,98
10335,335
10336,65
10337,103
10338,103
10339,119
10340,250
10341,65
10342,67
10343,263
10344,67
10345,229
10346,118
10347,64
10348,99
10349,68
10350,63
10351,100
10352,342
10353,101
10354,103
10355,59
10356,75
10357,83
10358,65
10359,67
10360,65
10361,76
10362,323
10363,119
10364,100
10365,77
10366,98
10367,521
10368,78
10369,72
10370,78
10371,105
10372,271
10373,98
10374,61
10375,123
10376,457
10377,75
10378,92
10379,63
10380,75
10381,100
10382,67
10383,68
10384,79
10385,67
10386,78
10387,77
10388,341
10389,78
10390,436
10391,68
10392,65
10393,98
10394,126
10395,122
10396,438
10397,101
10398,78
10399,324
10400,490
10401,68
10402,311
10403,122
10404,232
10405,98
10406,457
10407,100
10408,221
10409,78
10410,67
10411,482
10412,319
10413,102
10414,331
10415,69
10416,67
10417,484
10418,67
10419,77
10420,98
10421,249
10422,79
10423,87
10424,101
10425,123
10426,77
10427,80
10428,100
10429,67
10430,102
10431,330
10432,67
10433,125
10434,68
10435,80
10436,102
10437,99
10438,99
10439,103
10440,511
10441,210
10442,68
10443,70
10444,78
10445,77
10446,78
10447,80
10448,67
10449,78
10450,65
10451,90
10452,79
10453,63
10454,336
10455,59
10456,78
10457,67
10458,312
10459,67
10460,59
10461,99
10462,295
10463,65
10464,464
10465,122
10466,97
10467,59
10468,326
10469,63
10470,103
10471,220
10472,99
10473,67
10474,67
10475,454
10476,98
10477,65
10478,478
10479,227
10480,474
10481,78
10482,68
10483,65
10484,103
10485,98
10486,78
10487,197
10488,497
10489,65
10490,291
10491,60
10492,65
10493,79
10494,67
10495,265
10496,102
10497,78
10498,80
10499,100
10500,349
10501,227
10502,319
10503,79
10504,92
10505,68
10506,98
10507,78
10508,102
10509,484
10510,194
10511,119
10512,66
10513,80
10514,67
10515,99
10516,63
10517,511
10518,75
10519,82
10520,98
10521,59
10522,79
10523,65
10524,122
10525,63
10526,97
10527,397
10528,58
10529,68
10530,97
10531,98
10532,65
10533,258
10534,118
10535,515
10536,73
10537,65
10538,564
10539,63
10540,365
10541,67
10542,67
10543,435
10544,62
10545,231
10546,78
10547,320
10548,98
10549,87
10550,99
10551,425
10552,99
10553,65
10554,60
10555,65
10556,59
10557,225
10558,68
10559,68
10560,67
10561,518
10562,68
10563,99
10564,67
10565,60
10566,68
10567,87
10568,97
10569,60
10570,144
10571,80
10572,60
10573,80
10574,549
10575,98
10576,358
10577,63
10578,68
10579,65
10580,415
10581,97
10582,65
10583,97
10584,78
10585,501
10586,103
10587,67
10588,67
10589,97
10590,67
10591,98
10592,369
10593,368
10594,61
10595,71
10596,66
10597,268
10598,63
10599,67
10600,63
10601,97
10602,364
10603,97
10604,67
10605,68
10606,78
10607,80
10608,67
10609,243
10610,78
10611,219
10612,97
10613,75
10614,75
10615,97
10616,78
10617,103
10618,64
10619,358
10620,542
10621,291
10622,65
10623,221
10624,62
10625,66
10626,63
10627,118
10628,72
10629,61
10630,66
10631,102
10632,67
10633,65
10634,123
10635,67
10636,78
10637,100
10638,97
10639,104
10640,97
10641,78
10642,67
10643,67
10644,451
10645,69
10646,70
10647,74
10648,67
10649,77
10650,65
10651,61
10652,126
10653,126
10654,69
10655,409
10656,119
10657,99
10658,267
10659,65
10660,98
10661,59
10662,67
10663,182
10664,65
10665,78
10666,224
10667,102
10668,65
10669,359
10670,100
10671,65
10672,286
10673,59
10674,542
10675,63
10676,69
10677,99
10678,481
10679,104
10680,99
10681,69
10682,78
10683,101
10684,457
10685,105
10686,97
10687,66
10688,60
10689,77
10690,65
10691,65
10692,409
10693,63
10694,62
10695,97
10696,128
10697,65
10698,77
10699,68
10700,100
10701,232
10702,515
10703,97
10704,103
10705,78
10706,212
10707,65
10708,345
10709,97
10710,75
10711,59
10712,68
10713,122
10714,59
10715,59
10716,318
10717,119
10718,75
10719,79
10720,63
10721,90
10722,77
10723,103
10724,99
10725,343
10726,68
10727,116
10728,326
10729,209
10730,67
10731,94
10732,97
10733,99
10734,63
10735,67
10736,295
10737,66
10738,219
10739,65
10740,69
10741,78
10742,101
10743,76
10744,88
10745,81
10746,91
10747,126
10748,97
10749,79
10750,65
10751,63
10752,67
10753,67
10754,449
10755,63
10756,150
10757,97
10758,123
10759,112
10760,78
10761,79
10762,81
10763,98
10764,68
10765,78
10766,78
10767,104
10768,68
10769,77
10770,67
10771,329
10772,78
10773,436
10774,102
10775,67
10776,196
10777,63
10778,83
10779,78
10780,358
10781,79
10782,103
10783,119
10784,103
10785,70
10786,98
10787,528
10788,119
10789,97
10790,97
10791,77
10792,63
10793,97
10794,97
10795,220
10796,106
10797,75
10798,413
10799,102
10800,59
10801,105
10802,78
10803,66
10804,97
10805,75
10806,71
10807,270
10808,65
10809,99
10810,78
10811,63
10812,101
10813,266
10814,240
10815,99
10816,230
10817,210
10818,65
10819,119
10820,79
10821,97
10822,67
10823,78
10824,65
10825,371
10826,518
10827,322
10828,78
10829,103
10830,67
10831,75
10832,365
10833,70
10834,77
10835,121
10836,64
10837,98
10838,75
10839,125
10840,80
10841,82
10842,65
10843,98
10844,521
10845,100
10846,112
10847,98
10848,63
10849,63
10850,59
10851,59
10852,72
10853,79
10854,436
10855,79
10856,67
10857,65
10858,58
10859,78
10860,225
10861,79
10862,67
10863,77
10864,103
10865,83
10866,62
10867,78
10868,75
10869,77
10870,78
10871,63
10872,85
10873,103
10874,59
10875,277
10876,63
10877,126
10878,98
10879,65
10880,67
10881,66
10882,70
10883,98
10884,78
10885,227
10886,79
10887,514
10888,65
10889,103
10890,70
10891,92
10892,78
10893,66
10894,257
10895,120
10896,76
10897,97
10898,67
10899,65
10900,97
10901,90
10902,67
10903,67
10904,295
10905,78
10906,232
10907,59
10908,103
10909,224
10910,78
10911,411
10912,99
10913,94
10914,78
10915,98
10916,104
10917,457
10918,80
10919,62
10920,99
10921,68
10922,63
10923,79
10924,444
10925,78
10926,65
10927,80
10928,78
10929,485
10930,101
10931,521
10932,65
10933,67
10934,233
10935,84
10936,215
10937,118
10938,97
10939,240
10940,512
10941,122
10942,72
10943,67
10944,98
10945,68
10946,68
10947,60
10948,67
10949,478
10950,446
10951,66
10952,68
10953,75
10954,467
10955,63
10956,59
10957,511
10958,101
10959,84
10960,341
10961,117
10962,69
10963,119
10964,80
10965,78
10966,74
10967,220
10968,68
10969,280
10970,101
10971,124
10972,82
10973,67
10974,65
10975,65
10976,67
10977,97
10978,79
10979,78
10980,67
10981,62
10982,97
10983,67
10984,63
10985,199
10986,67
10987,67
10988,68
10989,97
10990,79
10991,174
10992,67
10993,80
10994,122
10995,59
10996,59
10997,425
10998,90
10999,60
11000,60
11001,78
11002,528
11003,123
11004,76
11005,98
11006,98
11007,317
11008,116
11009,65
11010,61
11011,67
11012,526
11013,59
11014,78
11015,68
11016,473
11017,79
11018,67
11019,79
11020,63
11021,67
11022,65
11023,68
11024,117
11025,101
11026,65
11027,77
11028,67
11029,233
11030,69
11031,99
11032,70
11033,352
11034,513
11035,66
11036,67
11037,220
11038,520
11039,485
11040,68
11041,67
11042,62
11043,97
11044,238
11045,106
11046,78
11047,151
11048,65
11049,424
11050,65
11051,98
11052,59
11053,115
11054,340
11055,326
11056,60
11057,66
11058,450
11059,65
11060,104
11061,77
11062,100
11063,80
11064,75
11065,67
11066,77
11067,78
11068,99
11069,99
11070,235
11071,227
11072,100
11073,78
11074,67
11075,75
11076,63
11077,67
11078,99
11079,59
11080,258
11081,99
11082,83
11083,69
11084,241
11085,67
11086,68
11087,118
11088,68
11089,97
11090,61
11091,82
11092,80
11093,100
11094,98
11095,69
11096,62
11097,65
11098,75
11099,67
11100,68
11101,63
11102,66
11103,100
11104,77
11105,65
11106,78
11107,84
11108,71
11109,98
11110,79
11111,215
11112,78
11113,100
11114,59
11115,94
11116,67
11117,78
11118,105
11119,75
11120,78
11121,77
11122,439
11123,63
11124,67
11125,68
11126,464
11127,97
11128,286
11129,65
11130,79
11131,69
11132,67
11133,507
11134,75
11135,79
11136,101
11137,127
11138,68
11139,219
11140,63
11141,219
11142,79
11143,63
11144,96
11145,101
11146,65
11147,68
11148,65
11149,63
11150,78
11151,67
11152,388
11153,246
11154,105
11155,65
11156,67
11157,78
11158,312
11159,60
11160,79
11161,97
11162,74
11163,101
11164,435
11165,59
11166,67
11167,67
11168,67
11169,106
11170,75
11171,59
11172,76
11173,59
11174,122
11175,70
11176,130
11177,505
11178,80
11179,97
11180,63
11181,122
11182,99
11183,75
11184,64
11185,85
11186,78
11187,79
11188,367
11189,64
11190,69
11191,119
11192,65
11193,65
11194,118
11195,69
11196,63
11197,67
11198,59
11199,72
11200,68
11201,80
11202,78
11203,105
11204,67
11205,123
11206,99
11207,67
11208,63
11209,124
11210,100
11211,67
11212,78
11213,371
11214,245
11215,82
11216,67
11217,446
11218,78
11219,521
11220,98
11221,64
11222,306
11223,65
11224,67
11225,79
11226,217
11227,553
11228,511
11229,63
11230,98
11231,65
11232,67
11233,67
11234,99
11235,216
11236,78
11237,65
11238,75
11239,103
11240,67
11241,119
11242,59
11243,67
11244,79
11245,513
11246,66
11247,80
11248,75
11249,223
11250,478
11251,67
11252,68
11253,75
11254,76
11255,103
11256,97
11257,67
11258,496
11259,79
11260,334
11261,65
11262,69
11263,102
11264,67
11265,66
11266,63
11267,84
11268,97
11269,65
11270,98
11271,79
11272,329
11273,63
11274,65
11275,83
11276,65
11277,67
11278,97
11279,102
11280,59
11281,106
11282,88
11283,64
11284,67
11285,63
11286,59
11287,535
11288,80
11289,59
11290,65
11291,75
11292,66
11293,62
11294,229
11295,60
11296,271
11297,196
11298,67
11299,491
11300,358
11301,126
11302,99
11303,61
11304,95
11305,60
11306,98
11307,77
11308,98
11309,102
11310,68
11311,67
11312,98
11313,100
11314,59
11315,65
11316,76
11317,59
11318,59
11319,69
11320,67
11321,141
11322,226
11323,99
11324,86
11325,59
11326,161
11327,65
11328,65
11329,67
11330,296
11331,75
11332,59
11333,103
11334,67
11335,98
11336,97
11337,371
11338,62
11339,69
11340,103
11341,67
11342,119
11343,59
11344,337
11345,78
11346,100
11347,67
11348,271
11349,81
11350,59
11351,78
11352,97
11353,105
11354,204
11355,221
11356,390
11357,97
11358,66
11359,78
11360,65
11361,65
11362,67
11363,67
11364,66
11365,67
11366,62
11367,121
11368,97
11369,174
11370,97
11371,104
11372,83
11373,97
11374,67
11375,100
11376,75
11377,100
11378,67
11379,68
11380,65
11381,100
11382,67
11383,66
11384,143
11385,99
11386,67
11387,104
11388,64
11389,101
11390,66
11391,59
11392,84
11393,77
11394,62
11395,77
11396,99
11397,65
11398,78
11399,238
11400,98
11401,126
11402,122
11403,101
11404,98
11405,66
11406,67
11407,67
11408,65
11409,67
11410,84
11411,234
11412,78
11413,68
11414,63
11415,86
11416,58
11417,471
11418,235
11419,67
11420,78
11421,65
11422,464
11423,68
11424,441
11425,102
11426,431
11427,79
11428,75
11429,65
11430,102
11431,347
11432,236
11433,90
11434,490
11435,80
11436,67
11437,336
11438,63
11439,105
11440,102
11441,65
11442,260
11443,254
11444,96
11445,98
11446,65
11447,222
11448,76
11449,78
11450,62
11451,101
11452,67
11453,66
11454,60
11455,232
11456,78
11457,97
11458,81
11459,297
11460,415
11461,64
11462,66
11463,259
11464,78
11465,67
11466,69
11467,79
11468,106
11469,97
11470,78
11471,467
11472,99
11473,97
11474,75
11475,222
11476,59
11477,98
11478,78
11479,100
11480,119
11481,444
11482,97
11483,60
11484,124
11485,87
11486,63
11487,65
11488,444
11489,67
11490,520
11491,294
11492,59
11493,129
11494,402
11495,100
11496,424
11497,100
11498,429
11499,77
11500,65
11501,65
11502,329
11503,68
11504,78
11505,312
11506,505
11507,477
11508,78
11509,66
11510,119
11511,218
11512,78
11513,59
11514,101
11515,69
11516,320
11517,78
11518,102
11519,65
11520,443
11521,99
11522,142
11523,69
11524,67
11525,80
11526,145
11527,433
11528,69
11529,75
11530,441
11531,85
11532,68
11533,450
11534,59
11535,77
11536,59
11537,59
11538,67
11539,102
11540,67
11541,65
11542,337
11543,59
11544,65
11545,314
11546,101
11547,62
11548,359
11549,97
11550,67
11551,246
11552,99
11553,67
11554,98
11555,509
11556,103
11557,78
11558,341
11559,81
11560,91
11561,131
11562,232
11563,69
11564,65
11565,68
11566,100
11567,123
11568,67
11569,59
11570,62
11571,75
11572,126
11573,97
11574,249
11575,78
11576,95
11577,67
11578,78
11579,99
11580,68
11581,62
11582,346
11583,434
11584,97
11585,100
11586,67
11587,68
11588,97
11589,61
11590,327
11591,81
11592,318
11593,510
11594,84
11595,78
11596,99
11597,478
11598,98
11599,520
11600,67
11601,457
11602,68
11603,97
11604,242
11605,92
11606,330
11607,235
11608,320
11609,65
11610,67
11611,79
11612,67
11613,69
11614,98
11615,78
11616,63
11617,97
11618,358
11619,65
11620,68
11621,452
11622,70
11623,506
11624,81
11625,434
11626,99
11627,63
11628,63
11629,328
11630,100
11631,72
11632,95
11633,417
11634,59
11635,78
11636,68
11637,108
11638,63
11639,59
11640,503
11641,60
11642,68
11643,99
11644,73
11645,65
11646,509
11647,69
11648,99
11649,63
11650,92
11651,473
11652,98
11653,99
11654,69
11655,67
11656,70
11657,143
11658,227
11659,97
11660,79
11661,62
11662,68
11663,60
11664,67
11665,63
11666,65
11667,66
11668,60
11669,100
11670,99
11671,368
11672,374
11673,517
11674,69
11675,101
11676,65
11677,121
11678,68
11679,63
11680,75
11681,63
11682,459
11683,97
11684,59
11685,62
11686,68
11687,59
11688,67
11689,66
11690,68
11691,81
11692,100
11693,215
11694,68
11695,90
11696,67
11697,459
11698,78
11699,117
11700,85
11701,78
11702,67
11703,97
11704,76
11705,65
11706,100
11707,75
11708,78
11709,390
11710,317
11711,66
11712,274
11713,99
11714,65
11715,220
11716,66
11717,227
11718,65
11719,67
11720,506
11721,78
11722,102
11723,59
11724,234
11725,79
11726,445
11727,65
11728,127
11729,358
11730,62
11731,97
11732,232
11733,98
11734,80
11735,85
11736,79
11737,78
11738,68
11739,79
11740,125
11741,63
11742,67
11743,78
11744,100
11745,573
11746,80
11747,98
11748,67
11749,242
11750,63
11751,67
11752,238
11753,62
11754,65
11755,488
11756,78
11757,78
11758,64
11759,226
11760,425
11761,98
11762,406
11763,78
11764,65
11765,78
11766,68
11767,63
11768,68
11769,99
11770,67
11771,59
11772,63
11773,78
11774,59
11775,99
11776,119
11777,262
11778,97
11779,65
11780,97
11781,85
11782,102
11783,342
11784,75
11785,246
11786,78
11787,248
11788,545
11789,230
11790,75
11791,118
11792,68
11793,75
11794,142
11795,68
11796,67
11797,67
11798,59
11799,80
11800,75
11801,97
11802,79
11803,347
11804,79
11805,66
11806,99
11807,59
11808,488
11809,79
11810,69
11811,75
11812,240
11813,220
11814,59
11815,67
11816,511
11817,208
11818,214
11819,436
11820,62
11821,75
11822,65
11823,68
11824,60
11825,129
11826,73
11827,340
11828,71
11829,340
11830,507
11831,227
11832,120
11833,100
11834,345
11835,63
11836,68
11837,78
11838,337
11839,101
11840,79
11841,62
11842,69
11843,62
11844,61
