35
33
24
455
162
75
393
62
43
132
28
60
88
64
48
52
61
85
165
83
586
27
125
21
70
38
22
58
654
29
29
63
93
39
314
34
25
33
259
119
69
755
65
225
55
142
294
135
106
444
122
275
68
79
309
106
63
69
101
35
141
66
77
136
108
82
36
462
115
37
0
49
408
57
196
134
363
22
37
56
29
22
156
21
101
138
25
97
177
34
36
373
368
315
120
814
32
20
100
272
44
87
30
104
63
105
25
98
149
213
148
69
142
32
197
36
307
322
91
76
300
110
42
7
26
43
28
26
57
42
90
352
103
39
39
171
276
786
35
14
95
11
599
73
28
69
35
154
834
197
95
1147
65
39
386
30
13
164
27
23
68
73
221
163
305
15
76
279
59
94
28
150
398
90
35
131
69
48
37
56
188
166
308
95
97
32
181
91
595
438
62
46
217
8
399
30
44
220
178
99
89
49
105
62
111
249
55
106
5
305
63
81
24
240
36
252
61
111
90
28
78
20
238
87
1189
97
144
34
112
63
517
56
147
14
66
111
42
176
33
77
53
148
104
117
165
14
64
27
289
428
33
97
14
88
39
22
84
290
126
105
145
21
49
182
34
587
231
123
259
44
79
35
125
112
35
258
109
273
28
266
49
103
12
285
56
63
46
169
149
604
163
84
108
96
136
51
224
68
168
61
22
7
86
167
33
68
54
97
289
616
117
259
19
19
436
46
1102
30
7
84
55
120
30
25
535
1204
86
34
446
160
35
49
0
98
16
33
134
40
69
45
190
22
52
8
78
17
84
26
876
211
78
93
16
20
86
101
49
68
465
118
232
95
334
64
62
43
87
118
74
21
95
49
14
124
39
34
304
461
73
26
52
79
29
106
33
47
376
72
79
25
55
10
105
67
18
87
100
108
33
458
55
62
223
62
47
88
25
69
57
124
55
347
42
105
35
101
309
65
41
65
56
343
160
121
70
93
281
136
69
62
68
48
115
27
53
287
25
35
244
24
84
650
315
833
22
9
345
24
44
37
68
26
27
280
55
14
294
313
56
216
91
422
16
60
14
93
35
297
22
62
16
90
28
189
44
13
86
225
154
53
79
21
573
86
81
224
16
301
157
30
17
289
13
188
89
287
371
89
20
21
246
32
258
329
161
77
69
74
141
29
41
287
35
73
21
145
13
40
140
31
114
6
26
67
265
19
35
54
112
113
57
50
348
33
45
96
345
897
185
128
19
160
76
72
258
108
738
114
268
125
2
724
15
48
62
267
37
136
952
61
155
102
174
20
165
29
66
273
32
34
90
87
185
112
132
73
45
100
849
27
34
138
20
29
142
57
0
132
77
59
112
302
13
123
183
23
103
132
164
73
75
22
100
21
202
841
257
160
34
381
777
56
147
19
15
254
14
57
113
1056
102
68
398
12
29
6
97
56
131
74
105
92
467
92
15
101
50
74
37
0
38
81
80
36
89
237
32
21
325
26
97
22
123
41
699
63
0
11
139
128
0
34
110
209
34
127
21
73
91
40
74
25
67
50
59
117
829
285
229
34
9
86
113
26
351
88
143
43
215
209
106
112
27
600
97
126
30
27
77
30
60
456
110
58
71
414
13
76
32
23
78
35
575
33
63
56
68
69
427
63
34
1029
8
74
28
313
964
121
28
118
15
144
49
89
323
57
42
16
227
101
64
20
62
154
87
85
194
0
29
35
30
68
65
105
30
92
128
149
714
136
95
496
99
977
70
221
150
26
26
30
107
47
54
92
33
70
1006
79
319
146
370
5
73
278
29
286
24
134
62
649
16
124
84
91
34
98
82
79
206
734
94
290
11
17
126
536
27
25
55
94
185
756
39
466
371
122
1
56
204
72
20
85
324
18
280
579
101
112
107
64
36
134
163
49
188
57
121
54
522
27
83
105
14
15
41
31
231
193
75
33
96
404
351
64
82
22
92
46
99
27
20
56
68
33
42
39
140
82
69
86
158
539
150
123
30
0
792
126
70
518
39
54
50
35
137
63
23
91
41
43
105
258
41
21
91
119
28
50
642
0
55
101
25
73
316
92
985
84
16
48
99
258
57
107
120
217
391
107
59
56
46
109
62
75
216
82
63
54
790
47
76
21
86
914
28
23
46
41
577
43
138
85
91
41
42
76
301
568
401
92
84
365
328
317
37
110
21
17
117
22
42
48
78
259
98
97
40
68
92
54
64
40
93
97
63
85
93
116
113
352
74
50
1178
39
51
64
105
109
23
51
53
98
23
122
35
83
100
84
345
42
46
59
16
43
56
32
55
79
181
51
57
116
37
464
21
92
113
85
444
56
203
375
45
32
379
54
19
63
428
38
55
58
10
742
116
307
46
84
94
543
351
33
106
428
22
379
35
44
58
53
44
28
80
112
36
38
87
40
42
51
71
210
253
85
150
183
116
371
97
273
35
50
20
20
802
669
770
21
48
173
30
105
53
298
23
22
85
48
54
29
76
40
476
21
76
44
419
35
31
337
101
21
175
323
29
104
374
104
29
44
100
49
969
85
79
34
99
82
487
38
182
22
26
41
86
72
139
799
168
64
104
167
133
33
18
34
334
14
272
75
93
78
37
50
237
27
205
25
164
77
77
58
76
37
23
219
125
60
84
89
31
110
91
201
122
28
131
52
60
132
9
70
46
280
28
125
124
91
25
21
77
24
65
232
26
519
84
29
12
41
105
168
790
187
50
768
91
79
91
31
77
38
90
29
25
44
101
13
43
77
144
41
114
1147
296
87
260
44
33
537
47
26
63
570
325
15
112
253
93
70
35
37
279
52
139
41
577
42
12
88
5
90
69
62
31
651
87
17
57
53
237
18
81
595
87
157
179
151
92
34
83
81
90
22
141
121
111
131
116
68
43
91
21
64
27
64
52
0
91
21
277
109
11
372
48
5
57
34
67
182
738
14
1049
192
204
29
29
158
67
71
27
35
56
70
789
79
280
371
399
35
51
77
59
121
273
60
43
81
120
74
38
54
51
34
70
36
95
34
29
35
49
54
267
38
30
61
45
69
155
14
40
242
491
63
1098
1087
55
21
38
4
148
25
14
359
21
63
56
549
290
60
17
21
75
1147
389
29
978
68
67
41
48
357
63
35
45
34
27
41
51
111
37
21
110
48
45
79
289
82
104
731
21
143
216
87
54
79
401
108
33
98
83
153
324
63
25
110
34
183
30
69
83
64
98
30
414
25
117
198
65
214
10
48
161
1059
190
343
38
84
76
105
81
236
76
353
86
3
155
52
271
510
107
73
134
112
183
48
54
73
32
34
95
111
0
36
105
44
27
92
136
365
64
282
22
112
64
58
87
345
49
105
31
229
2
168
23
16
0
105
21
1421
146
1229
107
30
18
27
99
96
38
55
26
433
21
10
74
62
86
21
155
852
56
111
79
65
89
126
63
56
96
33
105
20
49
362
561
0
13
63
85
15
123
119
47
42
123
46
220
12
96
9
59
59
70
36
52
50
27
106
462
124
210
216
710
23
58
60
96
319
31
11
51
43
26
72
34
44
157
31
35
1257
57
21
90
30
486
28
16
43
104
77
854
13
49
522
49
175
41
34
30
1
183
58
250
49
56
58
14
357
281
105
152
29
28
21
69
24
68
70
61
29
63
115
0
40
89
41
1
32
38
22
59
277
57
69
59
1162
492
222
173
77
14
21
97
939
171
72
27
101
31
23
1044
154
70
22
589
40
73
23
0
76
71
13
118
320
48
61
112
77
60
42
107
13
20
32
34
79
406
27
28
70
15
146
126
40
36
79
113
44
347
83
267
245
503
665
62
84
35
47
25
175
56
22
86
253
14
120
55
127
68
70
27
25
30
321
87
211
17
10
111
14
40
206
109
294
363
95
39
343
315
73
111
65
85
156
78
39
33
61
38
36
62
56
71
38
153
91
66
82
752
77
15
30
20
60
65
43
6
1027
217
20
72
280
84
85
378
548
134
253
72
113
51
178
22
100
81
48
53
40
58
279
37
83
661
979
62
16
53
18
334
98
280
416
439
63
42
69
23
27
91
28
95
57
1366
66
58
24
139
170
106
56
70
1
99
91
24
37
62
93
35
60
54
35
192
179
20
161
366
1114
52
108
141
21
19
49
21
50
21
42
217
31
477
82
97
243
19
86
59
40
106
37
105
99
52
28
59
405
112
16
144
114
89
15
50
165
16
120
30
84
55
54
97
17
70
19
91
113
368
27
79
403
50
98
84
429
20
99
21
144
21
89
36
42
105
81
145
70
129
72
78
42
56
245
58
434
45
38
26
216
36
106
76
73
36
36
74
106
27
36
45
278
22
167
26
36
9
51
40
43
99
96
62
153
52
63
88
35
33
91
287
74
102
34
18
45
0
54
197
121
28
7
155
56
29
27
125
202
98
22
81
33
178
35
127
34
19
21
465
70
12
35
16
50
35
65
94
56
0
35
85
38
30
64
251
40
84
72
45
83
29
56
44
1016
19
91
71
32
78
42
35
43
58
556
240
112
25
112
244
53
18
13
21
32
285
14
276
39
29
34
252
118
476
91
137
888
77
335
28
36
275
34
165
77
43
145
112
20
434
96
85
63
114
509
63
131
54
63
93
173
442
7
26
291
27
42
193
114
17
87
357
109
90
38
69
10
35
218
10
273
20
98
107
288
31
62
0
63
21
19
43
68
74
103
118
163
56
61
88
25
57
234
413
28
52
22
57
17
156
65
297
29
25
75
273
249
142
28
62
26
51
300
31
119
152
22
75
35
29
77
101
54
95
27
48
277
8
17
48
57
11
59
46
126
28
777
54
96
65
65
21
27
220
21
86
40
93
32
19
13
50
73
232
24
21
390
48
87
35
24
24
35
1
72
223
80
252
45
83
74
302
19
103
81
49
248
69
59
35
269
84
20
14
98
83
104
150
97
63
472
1
110
65
112
52
64
75
58
20
117
23
144
7
385
31
137
458
210
305
64
22
84
38
39
31
17
191
162
86
14
637
345
76
512
15
35
27
158
129
43
70
103
405
31
239
32
38
128
46
30
104
28
31
58
14
67
5
204
13
16
59
308
84
363
135
21
1030
49
80
42
119
13
53
127
28
33
154
28
112
56
59
48
32
51
72
223
55
58
13
265
353
159
0
63
141
29
34
86
61
32
43
29
88
77
67
68
566
175
72
38
84
27
30
93
69
63
46
28
35
0
894
18
23
15
30
402
36
19
329
336
89
42
17
330
24
114
70
77
40
195
817
31
49
24
369
18
21
136
114
47
686
86
42
72
77
36
492
44
89
583
97
100
281
259
229
70
28
6
155
35
21
489
44
254
53
34
22
81
3
32
57
42
22
75
60
88
79
1208
316
125
252
188
31
76
53
56
59
112
50
69
308
69
80
53
133
264
62
22
1036
64
115
18
699
159
477
119
54
280
17
71
13
83
24
159
50
57
263
402
1249
143
48
183
48
646
90
87
14
63
40
75
322
47
114
66
22
69
46
14
44
312
36
1187
102
238
159
44
407
82
74
265
140
69
421
105
18
356
43
1171
86
47
59
146
454
53
154
30
32
98
79
120
58
23
61
28
217
197
45
28
46
43
79
11
75
114
37
20
86
27
23
30
37
42
68
269
155
49
26
68
283
27
183
8
64
141
931
24
58
31
36
986
156
35
397
84
21
188
54
21
47
62
82
49
164
53
462
66
526
245
64
60
32
119
371
65
21
119
789
595
56
74
1002
62
284
22
541
57
132
68
8
288
49
197
107
41
142
378
304
20
111
540
357
17
896
380
54
572
149
4
31
31
34
22
84
4
52
81
375
29
20
17
26
51
785
23
128
35
820
59
112
24
61
107
84
69
19
62
48
57
28
451
177
266
343
77
0
127
148
12
25
134
69
879
42
86
372
10
22
58
67
251
78
42
43
21
462
353
73
225
950
164
6
63
27
37
43
105
360
52
50
40
49
24
265
97
117
43
152
112
89
20
360
305
397
46
25
107
104
17
34
105
64
56
47
6
211
45
32
19
22
686
53
40
96
665
85
34
69
94
16
102
108
45
47
281
83
64
34
42
261
112
305
57
197
67
68
154
34
138
511
83
204
76
81
25
280
419
196
246
304
17
316
24
91
718
116
111
31
141
24
119
188
56
301
182
7
153
38
15
1106
50
45
370
25
210
127
598
64
87
72
41
217
86
39
318
14
42
38
36
30
29
56
190
105
24
142
48
153
111
34
77
27
27
29
326
554
820
130
32
64
65
76
210
35
24
79
85
22
164
142
434
248
34
21
91
25
31
0
55
1037
96
67
120
400
231
54
12
85
68
358
438
427
34
116
51
49
104
103
2
83
70
313
29
42
135
63
28
59
686
54
64
0
160
42
29
69
33
115
17
38
60
39
56
639
121
27
0
21
25
30
71
518
105
484
93
115
64
37
113
112
48
330
61
156
84
42
207
226
83
9
35
301
2
52
221
25
146
370
112
332
120
154
102
25
433
118
100
41
1
13
57
92
68
689
252
87
52
152
91
148
21
33
146
504
61
71
147
35
121
121
27
93
82
101
73
298
725
26
12
64
44
118
0
32
23
13
20
30
56
112
104
31
48
51
421
74
37
22
47
82
655
143
163
490
87
77
28
336
224
75
15
13
49
66
28
104
344
681
22
41
457
495
64
44
442
53
256
39
133
49
23
101
56
28
20
93
69
70
99
76
21
93
62
61
30
27
78
29
18
27
99
94
118
33
781
37
150
77
109
216
100
308
238
21
75
14
56
62
95
528
103
58
388
101
91
35
70
57
73
65
921
14
52
54
30
495
13
27
23
33
333
92
23
86
27
78
3
95
138
91
114
142
23
62
290
260
151
70
308
127
42
302
57
84
107
27
47
55
99
29
301
55
106
39
44
27
188
29
76
59
130
245
231
38
216
74
92
287
39
44
9
85
160
46
258
91
278
140
97
56
84
15
189
582
22
44
277
71
64
8
28
67
128
81
36
30
2
53
67
26
138
24
13
41
35
140
104
0
30
63
16
22
31
417
50
54
530
26
0
62
505
172
68
254
137
108
287
775
238
104
86
80
27
28
70
17
27
13
294
28
23
169
252
328
77
93
195
92
76
18
64
107
52
72
291
29
68
256
46
104
121
217
386
1175
501
20
43
53
36
208
62
27
62
74
104
334
74
39
50
139
65
16
35
81
28
284
15
135
45
213
52
19
23
106
33
210
698
49
36
86
266
133
188
22
90
127
564
46
67
288
164
168
26
91
92
67
34
13
28
58
175
100
15
42
227
791
268
57
8
103
91
59
655
17
79
49
48
14
52
83
45
14
251
342
47
28
44
49
323
16
35
94
211
60
68
818
30
73
7
63
69
125
377
119
283
101
71
398
53
26
39
259
8
55
304
363
144
37
441
127
66
243
45
15
80
82
120
38
76
29
37
39
203
162
48
39
28
84
86
496
43
35
21
23
42
200
83
298
46
91
89
20
22
31
242
75
97
25
47
21
51
54
98
30
288
84
329
87
61
27
105
89
43
1029
26
411
42
47
26
384
51
18
64
59
39
311
95
40
92
57
28
87
97
20
49
26
7
50
288
186
37
282
12
122
49
34
46
9
71
297
385
37
34
64
206
67
799
86
41
54
151
43
36
73
30
264
106
17
23
55
248
238
39
141
432
56
41
70
71
279
16
357
893
16
0
85
17
33
100
69
798
103
139
15
39
721
131
174
74
56
207
9
103
287
31
190
302
47
63
55
109
456
39
87
143
94
34
54
59
170
47
281
106
60
35
37
28
122
65
47
165
209
21
33
73
17
112
0
427
28
93
107
155
46
230
78
97
224
86
159
27
89
167
63
56
87
106
21
83
17
126
127
83
36
96
105
669
28
77
4
78
87
23
20
286
111
39
54
126
38
66
48
16
48
80
25
41
48
125
83
67
91
58
48
14
157
77
41
79
48
184
59
34
91
38
69
76
7
336
304
74
305
70
21
38
11
692
84
35
31
389
151
331
18
15
33
63
8
84
178
30
88
306
170
28
112
811
86
109
85
80
12
61
72
24
13
54
799
24
21
88
153
164
17
69
29
21
575
344
63
77
61
24
6
69
48
69
86
104
52
104
45
14
165
41
49
156
114
28
295
68
21
82
496
23
21
103
55
951
571
66
94
97
1021
42
302
434
536
147
38
90
157
101
109
19
19
171
30
101
109
388
958
42
89
28
82
34
17
552
18
42
27
242
13
59
50
190
113
85
134
84
20
16
50
22
94
302
624
622
74
69
78
13
186
77
36
92
68
86
30
35
65
162
52
25
31
0
70
314
71
227
280
428
114
19
273
20
30
447
48
10
27
15
399
105
164
187
308
46
106
29
23
292
10
28
43
218
56
63
14
104
178
31
76
62
40
226
82
25
36
62
431
203
93
49
27
22
840
120
134
54
38
97
48
21
64
1160
43
350
528
23
16
562
68
169
50
67
31
7
907
21
413
55
74
33
193
38
313
91
121
30
14
26
59
57
92
22
89
28
46
1064
28
65
105
21
62
147
33
37
109
27
125
33
95
371
48
126
93
127
127
89
150
156
0
182
789
46
28
117
80
73
118
69
26
43
140
117
125
69
34
177
28
62
159
434
29
493
20
29
192
636
32
6
41
114
53
60
51
95
280
26
62
92
287
194
29
85
59
118
30
27
156
190
34
22
70
63
29
157
582
59
124
56
163
70
119
25
187
28
80
82
23
134
0
12
25
112
28
216
42
97
36
181
165
76
172
16
870
912
29
48
17
115
42
20
784
74
27
82
66
62
103
57
77
48
33
48
41
70
92
33
107
41
165
53
35
85
54
72
22
55
96
36
27
36
121
165
52
1076
118
390
61
90
95
69
15
54
49
371
58
414
16
105
111
271
30
56
199
51
8
40
104
406
383
181
235
16
97
83
15
104
276
337
532
25
273
29
77
33
101
383
75
97
3
189
109
97
100
88
135
66
44
89
89
83
37
246
27
117
211
553
7
114
36
29
31
99
111
143
36
170
11
39
99
67
94
58
328
55
0
24
49
139
23
18
17
86
23
42
28
87
107
63
38
63
101
148
30
41
22
35
29
102
145
143
366
63
110
35
188
61
91
70
31
111
13
20
62
7
15
71
871
22
322
116
153
13
598
123
20
69
68
24
65
28
175
6
23
25
51
35
32
82
70
5
525
30
49
184
210
163
100
77
1323
45
40
91
70
73
230
55
277
48
191
72
64
59
22
27
46
13
76
75
23
111
33
1020
25
81
25
188
235
96
291
0
92
43
52
84
120
34
267
114
65
27
133
59
121
9
98
82
199
108
249
386
122
555
34
29
31
605
87
21
96
157
116
69
28
97
31
914
91
99
133
232
21
41
175
28
38
144
112
21
124
110
28
15
82
120
18
142
53
32
62
32
45
74
141
33
25
91
21
122
32
115
150
105
24
176
92
23
25
18
629
56
96
55
33
0
58
37
64
32
85
13
39
78
337
50
21
184
81
63
44
24
77
420
14
484
100
47
70
171
49
217
111
71
53
123
56
10
40
206
259
945
65
21
113
53
27
71
27
85
133
29
34
32
35
68
34
83
89
59
19
19
68
23
82
109
73
59
70
63
71
461
76
74
91
368
88
155
17
74
221
53
160
51
93
50
36
289
28
69
61
73
242
56
85
264
368
34
120
35
126
14
74
109
39
83
22
47
365
1438
76
352
228
1174
35
67
133
83
260
304
468
42
175
564
20
31
123
78
92
19
42
86
108
91
97
52
98
118
22
31
22
103
21
492
69
63
23
75
280
448
29
355
37
173
83
25
118
89
89
26
115
41
239
127
119
22
72
47
111
97
31
42
42
55
15
27
273
101
121
101
42
121
153
103
364
34
169
46
19
41
17
53
67
22
246
63
500
63
133
133
21
53
143
316
71
16
297
126
44
273
18
1205
129
17
63
56
77
84
18
99
222
35
154
273
124
148
59
58
667
44
60
122
36
362
99
75
687
103
55
62
72
276
42
182
61
202
91
133
15
29
124
71
154
23
104
88
91
70
8
30
572
19
39
36
174
56
82
538
116
540
42
0
57
118
705
74
64
30
336
126
147
163
234
21
40
106
169
16
50
349
78
191
38
56
355
31
44
57
86
31
28
242
33
50
134
65
57
48
146
15
42
82
81
69
13
40
330
28
18
34
64
70
97
161
947
449
45
190
1058
121
331
92
162
42
153
105
26
35
189
75
21
14
209
70
72
287
49
84
119
24
64
33
7
83
338
102
434
101
515
56
62
104
1149
218
226
670
17
73
20
233
86
83
106
59
111
29
26
75
69
176
1
89
48
50
12
542
65
88
21
45
69
62
93
245
47
156
101
62
29
80
819
14
28
86
35
0
1292
396
42
71
48
159
34
203
30
597
44
2
22
73
14
691
274
117
77
293
75
49
1164
93
74
14
135
48
64
83
58
132
78
64
71
62
22
27
184
98
105
58
22
47
42
290
88
246
19
49
58
121
104
32
37
36
92
275
54
1
63
69
65
57
62
50
66
42
22
26
4
34
75
100
166
35
241
529
70
91
266
18
20
450
269
802
504
41
243
13
63
35
44
88
53
46
81
315
24
67
253
246
28
42
261
24
15
21
18
61
34
23
32
29
69
2
107
78
185
39
83
19
23
731
62
131
12
25
68
19
79
11
262
41
25
84
41
19
82
104
71
89
48
175
22
14
174
188
241
48
93
55
12
220
1070
59
41
1
92
34
73
63
78
142
63
114
27
106
558
78
27
8
18
928
73
22
288
35
56
21
185
72
49
65
51
56
112
10
72
74
154
401
265
90
124
24
31
57
75
7
1068
83
110
128
18
72
85
14
119
664
186
1
89
117
321
27
98
69
103
62
44
24
14
314
50
88
217
24
172
18
242
105
13
76
6
686
420
241
31
146
663
403
618
70
56
84
88
211
112
10
120
59
73
137
49
203
21
65
42
42
3
55
27
35
37
107
48
179
51
48
80
18
72
169
68
46
24
89
346
56
78
181
71
231
50
85
44
392
125
73
174
36
51
370
28
6
89
0
80
30
336
35
161
102
915
80
24
56
22
23
84
105
76
337
15
96
24
28
218
84
823
24
86
119
69
1126
39
86
315
114
36
43
124
95
29
49
410
63
383
60
105
69
52
90
28
43
151
77
54
53
25
84
22
178
23
153
44
70
233
918
268
43
27
74
29
39
34
126
127
148
35
30
350
39
107
34
94
130
38
30
126
58
36
57
14
24
28
20
34
109
47
289
29
32
41
134
467
71
24
164
206
23
47
32
73
38
189
345
9
33
34
27
18
168
39
41
38
43
132
33
51
63
23
45
83
115
721
75
20
157
99
83
68
63
15
29
267
505
27
121
107
15
20
22
146
132
109
477
24
589
487
35
224
56
42
60
22
27
90
38
285
23
86
41
64
70
68
56
88
27
101
94
73
15
159
258
25
161
165
92
25
157
10
51
145
720
25
123
2
93
485
63
37
155
47
87
277
289
20
121
34
92
54
0
298
57
42
24
128
63
257
24
84
78
210
66
25
78
109
47
27
3
76
87
63
67
17
85
31
273
15
25
38
47
70
233
90
38
33
0
45
26
94
107
23
56
276
552
154
294
403
28
293
84
62
22
202
71
22
29
146
84
126
7
40
40
118
0
18
15
90
17
141
29
1111
29
254
22
51
77
23
17
116
94
30
13
7
30
567
130
316
86
16
22
71
15
131
80
42
180
34
317
1008
4
84
114
217
16
104
55
168
63
43
25
70
22
144
40
22
16
308
111
57
85
22
81
127
98
11
83
137
28
22
548
86
29
104
70
66
983
16
71
108
56
713
633
297
70
0
170
98
30
26
56
99
10
42
98
116
503
51
48
41
27
30
42
118
116
47
317
255
831
343
27
69
266
56
92
109
823
37
22
87
52
2
83
1
22
64
90
53
20
560
120
97
79
20
56
20
346
203
100
28
65
203
81
80
37
40
364
32
23
21
30
174
91
1
20
51
121
138
40
269
96
27
33
29
28
57
62
9
180
57
20
95
114
422
92
41
82
86
45
124
292
43
11
136
654
28
279
93
56
57
45
28
51
827
34
563
127
136
293
374
9
16
1207
816
110
566
111
379
24
1070
26
31
59
84
33
60
22
203
17
100
34
84
98
127
51
16
1110
14
302
41
639
167
69
22
99
64
84
549
201
40
187
45
83
9
48
34
46
109
138
149
24
30
35
287
1097
27
38
19
106
55
507
104
86
16
28
64
127
118
94
309
11
85
252
110
80
57
147
90
41
90
67
77
30
44
76
142
31
864
606
67
87
33
44
43
47
87
82
53
5
538
463
229
25
91
112
327
138
213
0
62
164
195
101
96
3
35
56
295
35
84
91
15
54
254
188
75
30
51
161
36
62
61
29
56
50
825
82
57
28
70
861
52
33
28
17
776
75
36
358
88
389
16
35
22
17
183
14
79
76
701
28
367
18
314
46
50
23
91
27
1058
99
60
38
86
32
31
155
44
22
81
49
689
44
33
86
41
34
304
90
64
0
110
84
90
79
64
13
31
126
94
164
73
23
129
86
54
35
269
50
137
26
5
41
4
50
525
72
72
63
45
66
89
38
40
58
261
213
89
28
67
33
245
105
14
420
129
0
77
68
84
9
70
320
109
27
106
139
502
172
114
43
50
55
37
140
27
22
75
52
43
64
29
25
108
42
60
77
31
0
15
240
67
45
34
282
1168
29
293
52
41
120
113
112
775
27
96
70
18
26
20
93
34
24
53
21
224
2
41
22
182
81
331
14
47
32
309
367
19
115
334
58
26
134
55
289
520
76
51
344
141
50
54
55
77
30
105
60
35
26
0
32
42
63
51
103
21
55
37
620
176
239
30
18
32
65
76
93
189
36
278
93
36
36
31
255
65
221
19
34
64
90
41
0
80
21
84
27
31
48
40
117
64
52
49
31
85
67
9
87
464
51
108
37
24
35
123
378
58
253
101
28
358
672
23
100
506
26
12
65
34
69
7
392
38
612
123
40
506
1132
105
256
132
67
1
63
92
36
6
35
68
22
72
46
21
332
119
126
96
151
126
126
271
241
30
601
0
90
71
20
65
75
49
13
95
18
84
172
86
27
29
329
107
63
74
94
258
64
22
55
126
49
81
357
116
140
477
19
160
69
107
287
75
39
36
51
455
70
77
1182
48
13
51
306
50
69
31
11
134
26
127
162
71
160
496
97
65
129
63
38
17
15
35
266
252
96
14
573
32
39
73
27
24
80
22
56
38
78
70
280
37
361
33
312
49
20
15
625
71
18
27
41
51
143
323
53
71
15
258
56
29
129
29
339
104
126
76
25
0
26
46
58
23
180
94
92
329
87
49
0
28
57
2
92
399
424
17
116
57
168
34
21
75
67
35
118
97
108
68
104
70
7
88
30
65
159
329
34
58
35
32
84
189
119
282
70
35
68
69
92
15
49
204
106
374
63
69
58
49
32
17
176
359
29
136
272
212
90
27
146
0
14
22
82
1042
35
0
90
280
38
87
68
32
693
32
129
140
114
20
78
243
111
15
0
204
28
123
27
327
37
496
104
0
43
77
85
9
275
91
22
98
56
98
47
41
193
276
28
33
475
59
75
26
3
85
21
667
105
67
55
15
16
126
147
22
115
36
55
87
114
94
350
68
303
56
168
414
114
55
30
64
59
8
350
0
28
21
76
357
93
62
1254
23
527
239
52
85
24
77
49
70
40
10
62
14
14
62
108
351
24
17
37
36
34
36
27
59
98
42
61
118
90
51
37
82
31
79
56
51
115
103
44
165
27
158
222
24
62
58
242
108
59
84
68
25
53
78
763
41
0
29
107
90
211
421
70
56
90
64
119
50
26
21
78
91
958
59
74
29
93
26
33
127
57
126
251
28
88
341
50
50
14
80
45
72
693
7
15
65
47
344
91
33
104
716
29
42
38
93
93
20
62
44
20
25
77
145
79
85
420
22
35
50
41
59
146
75
37
1
284
26
43
761
28
65
9
85
60
18
130
317
32
80
32
273
83
124
45
99
479
146
86
281
995
101
99
39
80
22
84
132
76
402
24
513
292
69
52
1344
81
79
72
29
65
126
33
101
62
23
753
30
65
48
30
32
707
229
185
35
76
41
201
250
25
35
94
30
109
41
52
35
24
551
103
270
80
222
29
71
34
92
189
7
77
23
16
509
47
77
208
417
105
134
30
25
90
15
389
152
52
135
553
34
25
86
72
96
154
1219
83
56
58
57
50
113
58
33
68
106
70
129
26
56
34
134
70
39
79
48
200
83
104
95
315
57
63
37
355
48
49
57
40
329
62
43
39
0
46
19
20
36
256
51
26
226
113
147
11
547
100
26
66
70
66
56
64
316
568
131
117
19
72
153
53
17
49
88
77
45
5
34
69
66
18
47
155
77
41
20
22
367
59
4
54
17
35
141
70
971
1223
66
78
25
881
101
39
64
225
158
83
148
31
98
107
172
86
19
163
31
37
20
52
53
1007
15
107
438
791
148
47
275
85
77
88
189
43
21
82
323
83
72
91
32
59
69
77
28
20
510
52
103
105
50
21
190
106
1330
117
329
26
14
404
56
104
70
274
125
46
628
54
123
19
6
16
41
54
45
97
244
52
392
87
18
17
137
178
87
32
27
30
77
71
109
34
83
54
85
51
172
79
49
66
40
14
72
23
10
87
54
23
219
16
50
168
525
58
67
113
82
40
265
787
92
64
101
99
25
159
96
100
109
16
160
102
290
21
264
954
237
114
32
33
284
88
549
62
55
62
129
49
426
15
119
71
71
39
0
35
47
41
18
42
14
64
2
289
85
49
92
32
79
112
25
269
41
57
25
26
90
15
32
56
58
43
11
97
31
22
45
15
95
158
68
769
36
947
291
119
376
678
29
256
56
112
13
112
0
1250
58
42
205
164
29
43
1
93
85
20
58
49
111
89
20
327
60
172
70
109
92
1407
70
16
36
108
559
109
0
33
305
97
241
35
28
100
57
113
141
61
70
121
42
96
154
323
21
161
102
90
25
71
35
65
63
314
310
28
32
56
774
635
239
66
316
43
43
20
123
51
79
33
56
22
72
67
48
308
509
144
23
29
35
148
75
61
104
43
99
12
244
35
126
138
43
96
0
41
28
379
23
28
278
58
49
37
36
110
41
297
329
77
28
178
63
77
27
499
64
79
37
841
625
98
26
24
57
56
100
26
105
76
84
62
1024
71
33
155
140
94
7
67
26
27
73
85
53
59
34
77
55
56
15
130
15
96
70
28
116
26
24
74
117
16
79
246
338
173
120
67
148
44
65
116
57
45
189
150
73
71
49
64
64
55
87
102
103
35
156
99
74
153
26
26
101
31
6
285
61
57
90
77
48
200
132
178
105
22
63
29
40
34
21
155
107
64
45
40
85
181
76
17
43
55
40
32
152
69
84
65
331
7
202
26
23
272
173
124
112
30
53
113
91
46
1120
335
17
279
75
407
21
65
11
85
42
32
551
21
101
42
49
101
0
38
44
140
99
69
127
123
9
1209
64
29
28
135
1064
24
25
360
76
602
160
31
36
62
42
25
52
30
116
294
43
107
7
21
12
223
29
248
63
42
35
1401
51
81
66
315
49
203
119
45
33
338
28
504
204
45
606
12
28
11
65
86
719
84
51
62
61
394
35
16
72
102
132
497
17
46
162
629
14
33
45
811
148
826
118
490
92
31
101
55
48
77
74
50
73
49
281
76
438
70
1072
30
26
296
109
2
328
77
40
156
42
243
49
54
750
22
36
36
72
90
98
83
2
114
45
508
1
49
86
191
36
40
208
49
50
22
14
25
108
117
44
65
38
50
23
29
77
15
162
629
46
18
1137
90
108
76
48
462
42
0
14
120
153
140
29
35
112
13
49
48
90
26
20
66
189
0
121
76
355
52
133
68
87
67
24
35
0
105
210
45
21
66
48
82
9
22
60
21
18
105
12
47
36
143
73
14
567
51
98
16
42
119
278
292
35
21
56
41
56
18
66
17
1099
108
46
50
93
46
57
20
128
21
7
126
387
58
101
65
48
69
68
156
41
94
33
138
245
387
17
27
63
76
104
70
25
28
19
557
69
48
22
41
44
775
81
70
136
32
206
199
21
118
245
309
196
79
50
40
392
197
97
137
37
71
39
17
39
104
21
24
63
113
1023
42
0
155
16
60
116
139
59
61
115
73
6
77
43
142
280
110
58
247
60
86
62
2
31
101
154
54
728
7
24
126
36
46
137
236
281
169
42
41
30
62
203
17
40
49
77
82
20
11
458
28
24
537
71
112
48
101
206
167
18
28
84
94
36
29
56
153
547
661
21
499
81
146
62
16
40
74
177
30
68
32
66
57
67
48
56
62
38
78
134
46
223
35
57
57
113
244
1
72
13
69
134
51
26
40
46
19
98
500
496
322
63
42
90
107
121
71
135
294
244
22
18
18
132
82
67
25
22
19
75
62
21
84
625
28
43
83
382
69
34
56
756
6
106
20
153
37
21
75
55
702
99
115
149
26
119
97
86
45
28
34
72
61
50
1040
49
13
107
147
108
21
274
115
21
106
136
95
35
92
260
40
363
50
21
104
18
20
21
319
353
832
139
273
370
255
169
22
139
413
20
113
287
79
71
41
279
91
51
9
19
92
227
219
17
97
35
85
69
98
54
32
145
280
40
70
29
31
183
84
256
70
60
387
23
135
57
13
31
32
323
108
672
311
94
90
53
115
16
270
1
34
681
64
30
45
22
343
63
25
98
107
155
296
54
148
215
98
79
39
106
154
46
39
21
48
84
19
47
96
17
69
162
28
141
34
19
50
28
17
268
25
19
72
3
273
34
30
62
49
147
155
13
45
135
53
1001
75
49
63
268
35
77
150
54
259
19
86
111
61
80
333
112
33
49
103
22
117
50
81
87
343
22
508
143
51
532
55
72
35
42
111
83
507
50
27
25
61
1285
146
52
874
68
329
61
84
8
71
31
52
26
1441
70
51
59
31
43
74
65
165
50
56
131
102
145
98
16
69
76
34
21
41
13
224
8
124
412
75
83
106
154
146
86
51
28
37
63
73
30
685
184
52
103
154
505
47
50
105
63
406
64
221
111
189
58
68
70
62
80
13
50
44
124
31
70
99
14
95
47
673
63
70
41
2
126
784
99
94
30
120
6
70
56
149
296
0
70
840
45
73
246
120
27
78
22
9
22
57
122
14
96
105
74
24
23
319
354
78
21
22
14
78
22
7
78
50
48
155
126
183
64
555
42
38
82
96
42
83
268
48
113
119
70
25
36
315
179
23
65
29
1
100
98
209
381
83
327
65
24
135
24
64
84
62
905
541
52
83
21
102
40
15
15
105
52
86
160
42
326
64
13
36
104
119
53
66
73
310
38
49
28
98
62
272
302
126
79
43
28
34
29
85
58
132
117
82
65
74
78
29
965
132
349
89
27
242
71
43
23
67
92
20
224
45
98
98
110
69
29
338
91
49
1043
62
20
89
49
3
71
503
18
178
437
134
440
55
140
17
351
98
121
63
22
23
65
254
20
88
174
256
33
32
115
19
57
0
385
40
0
55
60
37
72
97
107
0
77
62
49
45
66
203
117
52
108
30
0
28
76
95
400
53
43
69
64
81
78
256
114
127
101
16
303
96
310
154
70
17
77
310
150
124
29
24
149
3
22
30
59
65
115
23
63
239
57
82
275
301
31
26
0
106
138
277
18
71
84
33
48
302
105
62
89
231
21
107
63
25
37
372
64
1266
37
270
70
17
56
9
31
341
219
120
28
518
34
87
251
259
78
83
622
97
64
106
126
27
15
84
295
23
273
37
98
56
50
78
13
224
74
196
819
55
82
124
131
74
84
27
604
57
193
433
66
65
14
16
189
210
35
21
148
81
323
114
266
17
99
196
145
78
396
181
80
69
385
49
76
68
37
32
126
159
1
22
88
843
27
62
28
194
51
21
182
118
0
155
80
35
180
67
82
59
181
223
335
62
573
156
63
75
99
7
540
38
58
98
457
28
83
39
99
138
86
27
109
29
147
60
484
16
653
112
11
174
21
530
103
112
141
99
40
36
265
54
488
35
581
12
62
66
118
112
50
115
168
75
67
89
231
57
22
133
119
63
171
279
275
67
48
17
18
202
2
52
27
78
187
92
742
631
66
90
255
21
19
160
1221
42
79
34
159
255
79
20
88
75
27
14
25
32
1
64
95
42
34
23
145
235
47
43
38
75
7
624
36
78
146
51
207
42
21
8
86
393
876
29
74
41
145
37
262
300
40
71
71
178
81
7
94
100
37
76
50
273
77
149
95
341
0
29
39
287
70
75
129
85
31
93
110
29
145
71
29
0
962
0
188
147
55
83
197
329
43
50
118
142
98
20
141
70
21
97
42
59
916
71
138
55
36
57
70
167
67
358
83
72
14
85
22
328
56
121
141
22
111
310
14
106
31
51
92
56
293
0
35
69
15
446
472
31
76
191
42
21
56
169
130
328
31
23
87
75
13
104
92
120
403
42
93
68
111
119
38
308
40
46
87
50
212
33
48
54
100
104
78
199
29
36
9
69
41
406
70
19
119
22
81
28
138
125
15
58
22
44
31
48
42
42
26
58
119
41
118
149
80
199
75
45
83
26
174
159
337
63
62
208
47
111
275
273
103
50
34
21
32
63
27
147
284
1152
203
84
146
127
133
85
105
156
65
672
34
76
18
590
364
222
52
39
714
35
41
37
49
13
7
106
78
52
420
62
21
42
51
89
125
176
68
204
50
43
31
43
113
367
87
360
56
193
1192
27
193
450
67
121
89
272
469
84
26
0
113
36
23
758
120
43
657
64
32
48
87
12
27
86
18
781
57
45
102
20
75
16
33
22
27
285
72
24
169
17
66
27
272
721
30
225
56
105
638
113
839
20
49
63
22
125
15
54
219
84
219
330
45
477
366
113
77
67
184
64
7
29
19
71
119
304
96
75
32
299
86
69
26
51
13
29
14
21
60
56
112
83
549
242
69
95
406
57
90
616
20
113
20
991
56
539
142
679
119
30
70
29
35
259
206
281
32
78
22
27
55
15
264
101
117
302
36
309
41
51
204
9
50
69
25
24
51
186
84
345
71
1
42
38
107
38
67
68
78
154
76
195
83
53
0
41
8
51
66
77
113
101
126
97
48
29
28
224
49
1008
21
64
26
91
99
83
351
79
43
29
175
70
56
630
59
62
330
87
293
234
49
175
37
283
96
57
241
155
148
78
37
42
32
91
847
42
41
18
57
84
184
230
30
86
221
17
251
246
382
81
26
37
36
170
97
100
64
0
41
67
97
16
66
127
381
82
224
57
57
97
77
44
34
0
406
113
84
147
113
132
45
83
36
91
281
174
87
70
66
57
27
13
159
160
92
22
35
12
43
33
780
88
234
26
450
66
211
640
562
94
106
99
254
77
16
120
44
37
203
91
66
23
98
91
69
84
37
91
14
47
0
103
13
574
98
66
8
20
129
71
44
74
16
85
79
20
35
9
97
54
73
1
402
118
589
268
28
21
89
51
196
286
374
137
35
1
33
35
56
27
94
203
57
48
129
182
25
34
98
297
60
40
22
29
40
83
36
43
194
139
179
315
32
29
91
51
447
525
161
7
181
64
62
198
111
131
5
675
23
69
115
129
90
49
294
31
72
30
22
23
311
90
3
92
26
116
29
59
525
14
141
29
92
153
24
85
66
761
19
841
95
341
73
60
203
49
19
113
657
435
20
38
298
130
286
29
64
17
20
40
63
128
3
78
0
55
104
118
38
24
33
122
119
18
91
15
80
14
49
38
48
59
0
36
38
119
60
42
8
42
187
69
54
146
72
51
264
315
98
64
107
62
56
30
816
5
74
98
108
1151
60
105
26
27
49
139
46
163
314
163
16
36
139
41
45
108
510
518
125
40
131
753
62
19
60
53
69
93
9
114
857
68
27
59
7
19
23
31
34
51
114
118
92
32
42
42
94
41
117
71
60
165
239
99
74
36
157
118
55
91
117
71
56
33
40
56
53
19
21
32
224
22
337
113
22
83
24
197
17
406
1340
34
112
118
77
107
36
86
23
40
331
37
26
111
193
106
49
22
141
73
421
123
60
116
91
46
10
161
48
26
813
57
323
17
90
36
867
97
28
28
459
35
49
32
79
56
38
34
30
560
119
57
111
42
163
56
110
114
53
53
117
69
116
13
41
17
74
644
45
0
7
59
27
190
118
63
51
121
64
112
120
723
545
924
67
43
22
49
139
31
415
21
112
34
30
176
98
355
157
56
16
33
689
83
1441
42
62
21
91
59
24
68
29
56
85
70
205
130
61
129
147
35
64
84
20
200
23
915
17
23
39
23
61
59
84
11
340
136
106
184
65
55
71
78
112
16
33
98
78
468
45
281
50
98
77
153
9
51
14
253
0
77
56
104
69
390
92
233
182
36
17
76
117
69
117
554
103
161
41
44
8
847
20
68
31
0
1402
87
21
32
44
65
103
67
34
109
61
28
35
87
12
152
64
42
221
21
30
110
140
87
601
735
302
99
30
33
67
77
29
264
77
374
381
14
191
99
40
88
240
116
83
375
22
304
105
669
57
31
16
80
161
422
70
35
281
39
344
35
824
100
71
51
58
25
486
28
117
148
119
64
21
52
140
89
3
68
30
39
28
71
111
78
18
1303
88
54
68
595
42
84
305
119
26
57
0
8
56
62
43
54
91
62
26
41
163
25
90
94
491
139
116
34
15
53
52
166
251
282
307
43
46
45
71
34
27
191
90
11
334
106
12
136
43
55
78
124
63
76
48
28
36
36
67
59
7
42
32
90
72
81
26
280
78
125
30
255
205
90
93
128
129
410
55
32
197
24
186
81
233
3
33
27
23
113
90
46
23
436
48
85
28
40
335
21
69
107
619
41
39
12
269
19
100
23
34
43
57
74
22
26
50
86
637
67
23
69
289
0
44
88
146
99
484
75
30
232
117
24
62
71
106
99
210
36
50
131
54
161
141
70
491
63
541
35
49
64
150
28
95
0
1386
37
125
55
25
48
96
0
75
23
26
77
271
104
77
16
56
83
82
57
81
26
128
38
1203
326
19
695
385
13
91
835
48
3
35
40
414
95
75
54
88
14
36
84
57
149
43
685
61
28
42
724
58
725
45
113
75
29
12
944
134
54
121
44
20
92
644
70
55
47
115
103
105
48
34
292
50
25
881
56
87
56
48
125
365
24
697
90
69
49
61
122
35
26
33
85
195
160
95
72
21
0
69
82
28
34
36
64
65
75
310
60
112
31
154
748
38
19
92
34
35
252
68
311
72
76
28
16
51
13
146
1135
49
105
71
617
240
1
67
70
14
95
23
29
430
7
215
129
77
105
28
92
77
1160
26
38
26
49
97
28
84
74
36
66
89
54
137
15
11
7
94
167
99
119
491
258
120
71
27
78
128
84
506
198
30
79
0
125
24
53
51
53
995
470
38
35
21
69
36
88
155
100
64
34
412
110
58
28
92
127
105
28
116
86
60
589
91
99
37
190
81
175
126
22
248
32
42
2
0
104
113
34
41
141
48
153
1029
87
21
455
132
301
119
91
536
34
23
21
198
79
15
78
0
44
30
447
85
357
654
29
77
44
16
43
76
42
168
270
28
75
118
947
44
140
14
76
63
49
22
92
27
52
122
139
267
23
25
1
738
85
52
65
40
119
9
30
22
101
37
66
71
42
3
1439
170
77
78
357
139
876
22
374
253
27
743
311
162
129
140
26
707
52
27
44
30
530
29
86
48
97
155
48
64
186
56
71
114
10
44
97
118
107
94
60
64
214
70
77
234
41
19
29
23
226
20
62
199
87
622
113
13
140
129
153
39
20
102
142
76
0
21
33
41
360
28
266
581
90
978
369
395
29
0
0
135
55
54
34
30
30
63
70
27
21
35
68
108
82
132
66
76
70
88
161
154
386
54
70
274
294
72
141
9
29
77
44
92
84
105
97
116
16
54
417
59
35
19
168
51
106
103
89
201
49
29
77
274
497
29
84
33
98
99
36
25
318
34
51
35
252
28
52
27
21
28
17
330
301
23
70
15
46
71
42
45
43
25
27
46
48
37
42
16
46
51
16
14
141
84
208
39
91
104
42
74
78
33
56
56
405
14
68
43
43
24
56
194
34
64
42
295
280
41
22
113
93
128
56
377
357
312
26
102
55
326
820
33
220
19
78
21
35
108
99
64
94
264
73
50
32
78
19
364
176
48
26
58
91
58
212
21
931
23
33
614
143
18
0
9
28
51
52
8
0
38
40
76
31
82
645
655
15
130
1
179
53
233
35
92
20
667
57
610
53
53
59
37
27
83
45
114
469
296
709
48
218
176
8
72
21
0
102
55
91
49
79
29
34
49
103
322
69
9
35
57
87
123
59
87
150
78
155
66
176
15
15
595
83
26
24
267
20
159
39
97
63
22
15
343
95
111
131
85
34
675
31
113
75
159
40
65
20
546
269
52
302
20
159
0
140
13
69
70
21
252
76
1038
71
307
38
29
280
94
131
29
37
145
510
62
39
14
40
89
68
31
70
8
30
175
0
83
246
623
70
24
99
82
45
102
57
48
673
59
22
77
55
28
40
308
342
18
612
587
47
134
270
41
73
21
811
378
34
67
10
41
34
0
13
1
11
244
312
348
120
105
36
28
21
13
71
11
190
55
292
84
585
3
203
57
34
183
115
251
758
62
332
54
68
435
96
88
36
174
17
121
34
51
21
7
33
131
22
56
207
94
40
90
33
372
120
30
63
67
7
42
108
20
65
59
49
290
242
32
62
250
75
51
370
31
174
141
61
73
120
84
69
53
42
89
45
71
111
99
779
0
149
113
87
55
76
0
88
18
93
41
108
74
116
69
97
79
57
25
36
22
77
329
136
42
21
26
21
78
63
84
57
67
116
30
11
42
211
15
83
49
118
67
34
77
34
0
53
42
110
188
22
24
133
64
127
61
196
37
22
90
408
18
44
333
34
230
19
266
39
35
154
27
70
113
417
125
64
76
38
28
43
37
39
70
165
40
146
4
34
28
29
527
18
13
35
67
34
101
104
94
72
27
65
74
233
139
88
22
43
40
69
253
33
357
150
14
35
20
431
42
4
22
44
16
142
22
48
99
279
43
259
99
30
34
8
85
38
42
14
43
62
72
21
71
78
15
330
168
30
263
91
49
35
29
57
161
27
54
15
84
59
392
35
105
110
275
392
279
41
112
54
51
212
57
21
22
227
92
139
31
27
34
23
31
21
97
29
84
28
186
75
136
427
838
30
243
15
157
65
584
94
139
286
24
416
39
38
56
99
197
102
140
21
91
89
40
102
17
121
20
59
550
23
66
22
289
284
28
227
63
334
21
36
108
66
58
42
311
68
109
34
11
96
50
22
59
485
52
42
27
45
38
43
355
67
76
99
45
41
66
58
52
30
117
408
26
33
278
71
88
27
126
1405
28
47
60
87
44
63
275
149
31
58
419
42
91
33
30
926
33
776
29
98
21
231
278
78
324
66
87
39
131
533
42
17
13
42
13
36
38
29
25
72
24
97
65
41
94
142
77
75
93
28
273
227
21
597
248
70
91
43
0
83
59
65
854
69
0
16
274
21
55
51
347
1214
70
23
69
133
111
120
117
20
216
69
91
62
54
116
684
102
65
72
138
254
42
198
15
37
593
111
1
29
71
46
27
160
665
24
109
19
591
28
62
529
57
48
29
33
29
148
107
30
18
11
140
31
0
80
41
122
62
195
307
73
148
63
53
37
76
37
633
230
33
53
69
265
380
86
91
66
76
26
7
74
83
154
22
307
60
793
24
49
48
147
57
92
504
63
30
64
15
111
279
21
26
78
873
121
52
16
9
120
34
117
113
82
111
20
143
17
146
70
196
113
174
42
91
67
99
94
72
196
105
90
122
91
11
20
19
39
44
69
99
71
86
271
135
39
134
63
55
59
92
76
18
645
57
29
274
35
16
388
62
25
62
57
245
67
92
176
374
0
62
98
366
80
207
59
70
140
63
109
49
91
57
183
36
84
436
94
286
82
86
1400
22
77
61
280
67
21
36
39
12
39
55
201
167
298
7
558
565
80
493
88
116
101
132
57
86
24
75
96
98
1274
195
27
25
27
519
99
24
124
4
42
62
7
85
307
17
75
91
329
32
92
66
29
84
0
330
78
72
521
108
217
86
59
21
934
819
85
31
129
41
85
225
16
24
53
211
102
90
64
98
209
512
32
583
20
67
204
94
266
280
39
51
68
105
60
84
31
50
618
218
41
119
768
41
31
403
312
64
27
26
21
41
26
76
112
104
35
71
42
89
34
248
427
8
51
545
1
13
94
98
735
91
60
189
170
58
60
177
280
15
303
6
17
16
36
49
35
87
36
55
65
21
96
31
114
21
431
306
55
17
36
165
23
14
11
61
76
313
23
50
288
71
19
40
86
19
194
64
42
46
2
15
338
60
30
107
103
57
186
97
329
138
168
182
50
178
37
113
85
64
35
120
60
277
32
16
69
299
86
68
63
104
42
64
142
77
722
60
97
132
41
71
39
115
88
353
112
46
138
91
101
27
62
186
48
62
76
13
125
36
35
30
927
83
16
45
232
153
123
42
100
72
39
22
108
106
229
71
301
21
49
38
91
13
208
50
33
191
266
155
301
69
70
132
159
33
277
78
112
103
83
94
24
92
51
82
96
29
43
67
133
25
122
30
35
43
106
0
295
255
67
293
40
23
70
21
81
468
68
0
28
55
90
276
48
0
25
48
35
283
620
60
1090
110
56
118
25
91
42
125
63
375
28
82
78
53
321
77
26
34
265
26
130
36
22
16
22
56
55
62
184
64
81
12
57
56
6
78
28
91
49
55
62
65
33
116
8
43
169
57
20
62
75
114
45
48
69
61
82
245
63
76
70
37
92
43
48
1327
182
97
49
120
678
120
32
47
42
46
70
105
21
140
423
80
24
118
108
26
1217
65
289
222
301
17
31
29
106
61
12
297
48
56
175
94
111
29
120
100
336
72
30
323
37
175
54
30
70
306
16
84
40
50
115
22
51
78
36
34
105
35
46
112
380
42
149
67
17
58
353
127
95
29
49
71
93
55
66
120
235
103
86
56
792
33
172
198
43
15
254
36
0
1031
30
37
50
140
47
48
125
14
60
76
287
64
34
97
96
59
438
72
20
69
503
70
49
73
93
41
28
28
136
95
71
92
448
307
87
25
90
25
801
61
107
25
61
52
83
28
30
232
72
16
101
38
39
17
147
47
52
85
19
26
569
21
208
37
93
23
80
46
107
79
20
21
23
26
104
112
106
125
69
57
130
42
45
274
781
70
202
120
179
383
267
36
23
69
622
148
104
41
374
86
407
33
122
139
73
577
95
93
92
60
81
4
20
35
24
104
21
912
252
58
76
498
797
145
51
88
273
85
21
69
81
50
21
113
291
309
91
149
49
97
41
150
27
49
23
224
63
108
149
74
33
15
6
49
91
56
70
127
98
80
76
87
337
106
190
325
90
0
134
256
108
281
33
11
122
45
172
88
177
25
72
42
69
27
47
22
68
72
28
23
35
566
18
603
33
336
2
182
70
33
274
78
100
125
35
1226
47
47
111
52
188
69
108
90
41
679
46
105
388
329
84
65
10
0
166
340
58
29
106
142
7
247
105
127
99
16
436
121
133
41
23
58
0
70
49
91
49
41
165
25
93
277
17
114
26
48
16
83
291
32
63
196
70
421
39
53
106
480
194
69
15
63
260
34
108
119
9
78
140
147
42
57
139
50
29
98
710
218
49
303
23
32
17
65
75
42
69
68
51
535
28
154
76
361
147
433
48
69
20
59
48
47
24
86
95
519
340
49
33
463
127
5
124
31
59
148
206
173
43
69
16
245
15
32
127
16
32
87
42
48
36
383
69
137
221
44
107
128
480
29
21
42
282
86
42
146
1189
44
13
320
15
78
57
35
43
17
231
77
102
173
92
83
44
62
21
216
91
41
8
82
63
142
105
26
73
35
95
63
22
176
297
61
106
153
87
89
277
136
129
63
293
0
28
290
75
114
284
73
25
68
89
55
27
58
114
1
471
82
52
134
35
91
120
28
87
95
83
71
38
112
218
47
448
14
60
47
14
359
180
566
252
28
53
45
140
578
22
91
44
27
67
339
43
635
28
418
177
59
298
22
311
28
17
14
17
153
56
48
28
781
136
0
26
70
110
75
596
137
28
106
21
229
19
241
103
85
77
221
72
65
59
70
99
14
50
495
40
17
204
841
27
19
159
111
40
20
48
42
414
15
57
224
20
290
32
173
8
94
181
62
50
17
287
981
28
67
13
201
294
101
426
114
62
680
527
0
311
1
41
55
396
108
21
34
58
63
94
236
272
1229
68
341
27
35
148
4
311
202
6
130
45
250
179
169
268
70
718
116
88
42
107
21
295
17
45
36
84
0
159
111
295
394
34
29
98
455
197
87
234
78
114
73
7
48
49
585
59
53
50
91
56
66
41
44
49
19
216
487
111
58
98
31
86
116
184
65
106
82
16
16
50
494
534
37
72
199
767
26
155
210
56
94
204
85
81
78
686
34
51
70
104
19
104
348
66
23
77
137
257
26
152
470
38
47
16
33
38
35
41
158
65
72
20
7
19
99
0
40
71
31
365
102
63
77
332
16
391
82
56
160
215
27
93
57
58
58
97
84
26
96
69
1331
300
190
19
17
22
33
78
101
989
83
50
99
20
48
28
24
102
97
70
113
97
21
36
520
74
803
41
16
1146
262
274
32
37
49
134
341
25
82
302
24
162
89
96
23
47
1197
38
63
157
11
158
139
925
1082
48
71
33
68
0
46
68
396
36
35
18
27
100
62
46
523
49
15
489
17
54
87
42
40
643
39
36
106
113
44
59
203
97
177
25
58
179
51
35
64
41
89
8
106
88
181
136
99
0
34
64
34
35
65
98
51
69
36
33
89
79
61
98
63
1093
89
192
42
70
37
287
86
55
65
139
22
294
19
0
266
41
33
61
40
637
104
15
81
43
0
125
61
59
39
72
112
703
127
13
62
176
26
22
90
56
56
38
50
41
97
35
97
293
372
15
399
5
33
137
23
92
91
82
180
22
49
33
28
58
1455
89
315
53
9
68
145
82
1
128
209
49
23
287
39
31
57
132
284
42
318
161
209
446
21
110
94
306
55
29
52
104
406
0
165
329
60
44
93
33
4
37
76
81
63
837
0
20
54
466
181
647
141
75
39
419
93
243
70
30
147
43
95
70
26
56
18
54
14
10
19
80
34
74
39
635
36
90
127
75
363
69
91
63
1209
2
77
94
28
85
62
26
76
29
54
276
79
18
64
16
49
147
25
29
588
846
11
67
69
81
88
28
259
130
70
23
64
1049
687
74
69
78
27
577
129
120
58
73
39
89
101
82
368
72
45
42
37
28
20
20
930
15
44
39
161
49
90
280
32
89
27
345
284
30
56
407
43
90
56
6
62
37
69
98
146
1343
197
39
35
62
122
105
38
53
86
83
12
141
63
37
62
0
72
2
29
108
77
191
203
49
1228
47
82
122
112
58
276
70
75
15
32
100
64
128
146
47
75
119
362
18
88
29
121
97
177
332
70
67
49
235
109
159
39
64
59
28
14
666
105
1132
110
68
49
659
91
53
118
92
1
80
123
52
223
60
101
22
89
38
127
51
35
24
274
30
272
0
49
22
61
55
77
21
12
326
513
128
91
14
35
0
106
364
21
19
30
17
57
263
57
119
41
23
50
74
52
13
49
795
22
49
60
16
14
57
28
83
28
410
43
138
70
25
128
57
128
43
33
74
107
9
30
11
53
74
71
178
28
27
49
71
89
45
20
301
91
27
43
23
105
48
41
533
50
331
15
47
806
101
57
45
273
182
24
36
137
54
23
68
36
90
20
76
32
37
25
813
60
20
22
93
36
50
21
35
40
280
31
23
69
14
665
25
9
381
36
101
211
483
51
99
66
96
511
100
25
113
177
19
85
109
91
133
352
21
72
63
287
40
132
31
34
139
23
26
37
116
49
55
71
79
87
7
210
49
44
39
120
21
29
168
1084
91
293
76
62
180
296
68
166
41
33
14
22
37
375
99
346
70
79
22
698
50
0
57
20
118
36
168
76
27
110
100
27
37
37
77
2
105
42
44
175
21
23
69
35
38
79
13
430
84
45
76
228
112
686
105
42
45
38
38
93
76
32
46
440
190
285
36
63
85
353
98
64
20
65
371
938
112
131
42
224
53
3
28
336
36
0
8
128
62
63
77
1098
50
35
2
80
65
24
46
22
68
910
38
9
67
36
53
29
22
62
88
109
55
62
88
273
345
50
21
520
120
69
50
89
11
16
99
120
1083
63
61
479
98
244
0
56
147
447
81
28
80
49
74
140
91
32
19
23
31
23
84
227
846
80
59
59
268
34
22
38
390
25
15
27
45
29
52
29
41
71
1086
33
681
485
64
28
78
23
153
105
188
2
10
35
53
48
43
90
63
93
22
129
21
92
16
16
74
77
36
62
811
83
1
30
74
21
36
0
73
60
125
402
22
339
12
70
37
48
56
44
39
278
140
71
11
106
48
35
90
17
31
86
112
51
64
30
524
21
56
36
56
24
195
78
96
79
84
114
46
277
30
36
304
197
33
105
375
27
429
57
111
180
40
71
13
138
22
420
333
16
27
306
23
35
39
251
862
1
90
70
316
251
40
402
52
778
107
61
85
85
69
128
29
35
17
181
30
84
36
196
22
87
77
82
31
96
22
19
75
75
1191
21
87
268
33
62
60
837
84
128
27
98
52
33
27
286
12
56
17
64
147
32
460
1197
162
49
180
56
192
38
157
216
18
132
269
69
26
171
58
43
65
51
112
70
44
66
111
41
32
383
299
41
138
241
1053
22
245
345
29
24
36
21
287
71
202
53
161
27
28
6
106
59
30
322
92
757
30
77
128
143
60
57
316
77
44
51
15
56
50
115
69
77
164
20
71
33
112
23
175
17
42
522
0
43
102
41
49
89
277
190
337
525
316
36
39
8
157
638
48
603
50
22
87
64
91
367
301
280
68
55
58
34
35
86
47
549
30
71
38
256
36
95
126
14
526
123
834
542
74
112
81
293
59
280
354
0
70
104
103
77
35
49
99
461
35
20
283
114
659
35
111
15
311
81
33
119
37
124
52
62
70
30
322
645
131
125
97
576
1218
69
290
88
48
83
161
323
52
547
83
21
105
246
167
98
22
68
14
35
160
48
39
92
22
29
60
57
92
120
130
35
254
107
38
20
43
82
490
134
254
48
27
41
155
77
40
18
7
728
131
28
841
1152
67
307
26
415
14
38
14
70
42
23
25
89
31
33
92
266
209
79
112
48
791
26
0
1124
52
58
324
70
84
35
39
643
6
73
161
35
24
66
51
54
62
86
15
82
74
106
323
14
35
69
64
51
35
105
25
21
60
36
110
67
27
35
77
146
83
25
356
119
54
52
21
252
547
37
40
46
106
132
92
24
82
76
85
21
27
36
38
84
182
118
301
1110
98
732
1
70
460
85
37
138
76
98
44
21
3
91
106
68
168
19
117
30
15
120
4
28
322
57
15
0
69
71
98
86
27
73
10
42
98
68
293
94
55
133
43
48
81
105
56
47
70
1099
257
35
106
62
193
62
68
34
51
50
51
22
62
106
336
84
68
288
78
95
113
44
73
36
822
22
204
24
13
238
84
160
20
190
39
58
41
547
5
480
35
24
77
1
518
286
65
83
29
81
83
56
127
99
413
69
863
84
352
108
80
581
57
71
72
195
80
126
39
118
141
169
70
45
49
62
19
286
21
299
263
26
128
55
14
22
83
227
270
154
30
171
91
46
106
57
209
283
40
72
300
70
11
29
152
63
9
145
94
37
62
58
29
515
298
129
71
14
50
249
28
244
65
87
99
91
170
37
70
47
48
196
126
74
102
88
40
19
120
54
267
99
973
138
84
89
70
38
0
42
60
98
154
1142
287
71
877
66
24
21
76
728
67
53
100
43
170
56
28
56
50
115
306
90
21
637
11
40
106
102
2
26
592
84
70
56
220
18
84
50
27
28
98
28
35
49
23
51
355
78
103
75
80
14
560
524
49
55
40
323
21
276
700
13
36
14
171
458
83
106
42
5
27
1047
8
50
114
112
125
34
58
31
218
21
52
57
53
12
54
49
29
91
84
57
87
57
131
311
247
29
48
109
240
34
945
47
53
35
94
170
36
33
35
21
28
204
63
61
299
47
94
27
13
72
97
85
36
26
43
848
70
29
22
50
113
47
35
60
0
14
85
13
417
81
79
24
17
21
383
92
292
27
92
120
84
427
278
259
1205
21
22
667
65
212
328
71
24
856
20
562
31
71
180
138
19
93
98
37
106
82
188
149
21
73
138
46
25
40
87
52
53
81
73
333
68
275
22
341
16
41
154
273
42
57
35
32
83
56
346
249
285
58
125
92
105
15
29
141
646
44
48
20
379
39
66
552
94
112
70
86
281
319
67
47
48
384
39
211
87
76
29
30
92
219
83
29
24
821
45
72
23
40
286
23
25
35
34
109
58
102
42
87
31
91
106
142
507
63
63
35
147
119
196
28
87
66
10
157
43
49
31
33
592
106
56
75
38
291
71
60
223
378
42
50
60
20
29
70
23
77
500
180
63
61
112
35
170
80
28
63
35
74
51
28
14
77
15
99
19
14
50
232
105
41
238
29
49
238
19
780
92
13
129
54
25
136
75
116
58
97
78
91
95
94
80
130
128
215
118
17
53
49
133
114
52
58
64
140
204
34
615
66
56
7
42
38
64
110
60
147
43
32
35
28
84
84
20
576
46
27
94
117
37
54
25
194
497
345
563
61
1141
57
43
27
31
0
303
18
48
50
16
266
45
163
59
24
33
152
78
19
39
119
120
3
76
37
28
71
60
225
42
95
72
57
50
396
49
62
81
55
136
314
2
28
108
56
78
111
1
28
95
96
70
219
64
64
42
55
27
288
91
46
39
97
57
40
84
35
107
18
29
63
16
31
20
379
22
188
59
98
619
99
18
97
36
87
62
59
53
126
83
73
26
30
21
22
95
24
137
265
97
275
93
48
41
20
96
15
10
26
104
77
327
73
315
84
182
77
23
26
37
24
25
22
58
131
59
99
362
66
36
303
136
61
3
75
41
11
20
64
127
28
197
37
47
57
106
50
33
262
931
56
27
203
61
840
4
498
70
32
28
31
82
27
49
456
1
28
37
495
150
23
121
69
167
96
233
22
24
115
83
22
39
368
141
203
25
88
58
15
49
162
95
580
19
434
119
73
412
27
29
331
51
50
238
391
52
80
69
89
7
35
63
154
72
64
38
86
27
40
112
19
166
16
13
18
14
1308
64
58
29
18
386
68
72
335
78
14
11
86
9
30
66
39
43
47
41
22
77
729
38
12
20
208
61
693
76
217
14
37
91
49
707
101
401
237
73
85
30
9
42
49
28
119
100
57
78
24
28
22
316
61
105
81
279
49
281
8
19
105
62
104
135
82
971
27
14
70
93
84
30
126
141
39
25
21
56
64
112
504
63
1128
5
22
99
33
98
0
42
63
109
57
112
66
123
153
86
29
176
74
781
396
121
17
83
1289
95
108
70
294
42
37
105
15
141
1146
20
21
288
47
441
10
731
36
260
99
105
209
53
61
25
73
48
280
1015
15
120
27
19
117
64
1008
42
0
1070
96
46
45
124
29
95
159
458
376
105
53
38
106
21
77
72
70
78
68
336
359
17
62
80
366
79
50
13
7
95
240
279
21
22
45
32
314
33
15
882
1266
132
208
35
41
49
356
102
59
1248
79
29
69
0
507
88
111
42
26
17
24
85
1020
97
48
34
104
84
24
81
12
14
7
140
50
21
37
56
86
104
112
44
26
96
29
97
851
54
380
104
77
276
904
64
86
1436
59
167
60
75
823
17
22
377
0
30
230
104
55
70
223
92
131
186
33
279
133
51
66
30
40
76
353
44
25
84
75
184
47
74
0
60
47
82
24
28
210
313
3
152
63
22
315
75
73
52
196
292
131
35
155
42
330
15
14
17
104
14
502
103
868
76
32
25
18
0
428
60
133
135
146
26
99
1051
315
17
9
54
90
100
14
109
143
68
34
4
17
47
25
51
24
91
53
142
947
55
57
553
129
70
60
587
22
28
35
27
84
102
332
69
68
28
121
74
92
355
38
24
260
10
106
306
315
38
39
484
204
21
32
37
82
49
28
147
147
145
76
46
28
26
50
97
50
127
35
16
270
112
41
84
33
49
49
33
0
152
344
251
133
24
289
555
492
117
27
200
35
168
354
48
13
23
148
19
84
34
329
41
21
283
42
99
224
226
105
25
74
26
587
55
41
48
44
69
118
523
73
70
102
30
149
50
52
35
132
185
556
48
55
18
125
16
39
26
24
44
103
48
106
562
133
21
202
100
57
76
7
90
22
30
21
727
68
5
144
91
79
36
57
60
63
618
31
50
25
263
44
56
27
186
70
59
40
73
134
63
3
23
77
76
31
63
21
123
838
258
138
21
42
141
20
368
2
84
157
286
31
80
118
168
267
1
142
63
59
94
26
71
194
48
61
28
44
63
301
42
52
70
365
604
275
650
64
97
65
70
253
55
157
133
103
34
116
61
17
57
19
124
395
108
19
157
14
43
83
72
22
84
187
39
55
43
105
42
87
148
84
42
76
131
72
96
100
6
280
65
119
140
50
114
451
29
33
63
24
186
51
15
82
105
77
97
34
679
65
22
663
92
67
98
46
93
77
478
1028
36
321
28
97
36
64
58
9
128
61
293
51
91
59
131
70
27
1283
12
51
21
148
38
189
10
63
28
68
29
35
120
894
353
108
192
104
29
498
151
60
42
88
50
45
142
46
106
22
36
42
338
8
78
58
21
89
76
91
319
1114
246
69
87
29
40
43
259
86
21
76
5
13
108
21
125
23
78
136
43
132
27
14
43
49
106
46
92
115
56
6
111
66
28
116
52
102
43
54
71
49
50
193
722
57
83
55
189
18
64
28
224
13
98
190
103
377
10
86
91
171
92
85
29
72
49
87
35
254
291
15
284
746
65
87
49
356
57
32
55
253
47
130
27
357
35
27
36
149
7
70
30
10
740
91
73
36
826
61
22
56
335
29
113
67
64
23
42
19
81
34
113
1
65
66
28
164
28
49
77
86
27
0
1126
36
125
23
28
44
166
0
268
427
18
43
649
8
97
194
39
29
79
28
49
49
74
126
41
39
30
243
37
364
61
34
41
202
120
309
360
44
43
87
6
92
17
1036
127
96
151
77
207
108
14
53
16
38
348
51
110
55
99
99
25
499
679
17
87
14
111
13
49
66
124
55
40
83
23
104
243
23
23
29
45
53
47
382
103
100
245
279
70
117
806
21
121
87
28
149
151
439
29
116
29
298
6
14
169
41
44
95
89
149
80
137
66
95
583
108
28
0
82
280
511
76
65
407
316
164
77
104
35
96
1
63
65
42
103
84
59
34
119
94
27
68
31
20
41
118
163
27
30
83
280
14
765
92
321
53
407
107
21
74
121
89
117
777
218
266
25
122
86
70
174
55
52
88
358
22
57
161
61
30
156
280
51
60
76
48
65
25
14
0
98
72
230
294
126
3
77
96
381
95
37
48
47
312
99
303
51
65
118
518
72
26
104
56
870
100
214
0
30
30
136
45
34
92
396
50
28
53
364
17
15
641
42
42
66
112
108
66
942
66
223
13
40
72
80
478
50
68
45
72
30
29
82
106
81
23
46
232
11
70
46
21
119
160
2
64
28
636
102
250
90
428
50
873
297
126
37
131
62
16
41
45
162
70
973
35
80
228
83
10
20
68
49
37
25
68
31
63
564
180
44
963
456
28
64
40
35
49
33
21
47
23
85
16
56
413
66
43
25
220
118
27
124
62
389
92
80
15
54
56
22
64
33
439
84
35
18
98
41
20
91
70
67
15
64
98
745
98
77
55
30
30
78
68
21
47
119
68
127
17
168
28
630
84
84
110
33
125
50
492
91
99
37
31
158
209
248
66
45
39
15
50
184
71
70
295
511
306
407
22
330
34
31
793
17
105
62
240
496
124
88
336
0
14
134
473
96
176
63
119
65
70
54
105
91
112
240
82
115
26
351
108
870
144
0
55
750
174
51
23
417
0
341
371
37
91
61
134
352
720
18
95
113
6
359
144
55
51
468
419
121
42
63
359
51
116
16
98
27
51
154
110
21
59
108
84
39
101
67
21
64
29
15
77
17
1153
125
258
43
714
367
56
74
807
82
19
35
0
24
476
59
36
78
368
71
55
93
81
26
46
17
33
34
75
46
101
132
111
118
31
15
62
43
255
55
84
101
402
294
45
28
242
79
30
878
36
1324
59
97
155
88
61
137
141
10
23
70
23
211
96
43
33
51
771
168
44
23
99
21
24
73
1089
154
147
49
150
15
147
108
256
20
36
54
154
51
59
102
79
32
141
559
126
31
514
619
63
154
37
70
44
0
101
61
24
868
25
143
92
92
42
21
35
25
64
37
8
10
155
57
43
400
262
51
123
73
75
87
34
20
97
323
214
55
98
131
22
119
299
55
136
27
933
106
156
31
83
58
75
282
20
35
51
218
32
35
198
332
112
118
258
30
56
72
144
15
35
26
19
66
39
14
36
41
23
31
246
153
134
1166
169
461
153
60
42
49
103
62
46
266
295
224
203
36
212
78
173
21
79
97
24
28
1
267
63
90
63
77
38
155
59
1384
28
42
45
1012
29
38
22
279
55
399
82
86
37
36
72
154
111
94
35
109
24
121
55
58
422
37
165
194
111
63
58
171
6
146
94
38
71
98
91
43
53
1169
50
614
34
73
50
93
153
53
43
22
10
287
24
72
60
61
103
102
22
28
139
101
87
443
17
125
78
81
56
66
84
49
1
43
54
5
87
413
92
35
139
110
21
159
48
224
203
107
68
154
42
22
82
19
399
869
6
25
16
17
283
95
21
1294
9
70
26
127
17
64
11
364
28
38
51
40
234
899
84
76
274
79
41
271
42
77
94
630
184
22
108
157
22
129
44
77
11
31
63
54
43
77
359
136
13
23
67
28
126
36
79
149
18
31
56
103
77
705
17
79
53
83
93
139
65
71
48
318
49
35
38
46
112
336
26
391
45
10
101
34
113
247
270
87
132
98
69
15
138
27
217
0
182
100
271
133
69
85
105
67
64
135
79
72
37
46
69
42
17
42
48
294
65
388
35
18
42
16
28
90
70
124
20
152
61
21
1072
92
36
86
37
33
60
231
53
24
395
132
20
57
754
125
104
252
120
42
48
120
31
138
274
689
299
36
176
63
0
82
32
334
448
51
23
20
19
78
2
237
55
850
120
55
62
9
42
72
26
252
50
63
21
670
57
31
192
43
35
3
19
59
371
50
141
13
66
34
112
29
312
74
7
178
62
68
17
624
278
78
111
27
75
28
1128
141
60
90
92
645
50
649
22
164
85
34
20
38
0
72
111
18
267
55
42
49
121
59
36
92
448
748
35
29
400
477
611
335
117
196
27
66
70
4
0
898
97
71
14
164
106
253
63
788
44
525
61
65
47
93
102
31
32
21
56
57
176
29
72
234
58
147
193
35
34
53
103
28
25
17
56
31
43
69
62
189
82
17
38
146
122
931
461
178
14
37
96
129
7
226
253
63
190
53
45
123
60
265
44
77
107
282
111
104
21
0
11
25
69
68
36
57
76
556
32
23
223
330
14
15
61
145
306
279
79
83
1126
57
36
56
28
34
32
35
105
40
55
14
68
132
60
45
28
189
42
73
28
31
340
87
219
56
546
74
33
32
343
95
70
46
273
33
19
77
64
43
104
97
26
104
94
103
0
197
35
414
47
116
14
91
195
124
110
44
229
65
115
64
1
374
311
161
121
21
20
59
319
75
167
30
76
388
102
121
25
658
34
98
112
25
37
47
59
6
64
78
21
544
35
94
78
10
18
27
1130
164
39
327
25
27
98
17
22
34
943
413
328
91
19
61
45
34
54
89
22
38
203
93
10
242
454
118
342
199
37
132
94
62
395
30
63
56
151
41
38
35
59
57
35
85
16
294
77
628
146
126
63
161
37
67
60
69
61
7
50
352
246
14
144
721
32
16
1297
255
93
27
92
66
72
14
23
34
70
39
29
497
43
68
627
250
51
205
15
35
226
23
108
22
81
23
121
53
98
75
218
59
880
99
305
84
66
32
91
28
63
151
38
112
46
62
128
19
70
100
245
83
68
144
49
31
321
67
72
94
133
38
463
52
97
158
34
31
15
106
106
62
48
288
42
375
153
43
122
288
0
57
195
139
62
137
79
58
252
44
36
57
104
136
28
30
87
13
25
1048
76
83
63
28
67
21
104
372
16
280
40
55
71
117
50
51
70
186
28
85
77
154
39
98
279
49
156
16
29
30
268
105
255
263
67
115
93
38
30
29
558
1030
43
71
861
327
51
37
59
32
289
107
30
36
266
82
203
50
12
77
19
133
22
22
82
22
52
54
585
158
17
371
43
39
40
47
82
133
34
350
49
44
38
53
87
70
149
511
556
28
58
125
79
72
12
33
31
54
82
28
440
28
22
13
79
9
76
77
43
266
71
46
91
43
337
36
76
166
15
300
153
121
24
41
55
51
47
35
291
97
119
34
28
248
625
70
40
37
24
118
157
55
223
20
41
64
206
371
78
103
93
122
300
0
284
1074
29
22
535
29
59
729
49
497
7
22
88
621
98
18
28
208
0
97
108
146
45
32
73
476
52
49
90
66
30
19
90
26
276
554
46
92
54
13
327
78
22
120
108
275
9
287
19
71
346
105
103
43
58
333
97
569
33
33
48
593
65
379
13
106
28
84
78
112
85
19
891
363
12
584
289
28
34
20
21
708
115
4
108
22
266
34
15
7
87
0
1383
7
83
99
193
21
818
38
97
81
274
14
77
27
30
880
28
55
37
35
82
81
81
29
75
48
90
352
134
104
26
15
86
89
18
35
37
290
0
1179
288
234
56
23
79
155
147
90
247
177
29
336
15
73
29
41
492
62
29
350
41
200
65
70
75
33
7
5
85
125
73
121
36
39
71
289
71
20
233
994
312
111
49
53
76
14
57
37
85
82
111
537
19
3
89
18
469
430
31
62
89
126
126
305
235
68
99
104
370
51
100
66
75
175
35
185
88
54
265
131
21
21
54
196
28
83
24
292
50
114
99
65
100
101
56
105
79
100
71
236
98
140
32
43
47
148
40
49
89
38
285
30
28
69
516
112
17
106
1305
57
49
42
98
965
386
74
101
195
52
8
14
442
36
82
102
26
58
349
43
54
112
63
36
20
168
62
86
53
63
103
85
26
74
118
98
35
22
88
70
56
81
77
37
52
47
1
141
262
23
59
31
307
438
204
55
28
57
95
442
35
24
62
49
14
95
79
82
195
47
70
294
56
65
98
116
85
21
73
50
43
27
28
255
154
193
103
32
173
64
7
117
50
39
728
61
53
46
45
27
64
21
34
94
29
254
29
287
273
109
63
69
20
245
387
161
102
62
27
53
91
14
110
56
74
98
64
17
31
365
162
155
137
50
62
62
83
70
121
42
51
17
30
18
15
87
302
22
81
448
48
35
52
29
43
55
134
931
66
299
715
316
64
91
71
25
24
72
70
9
178
380
0
37
29
1028
65
61
84
113
1171
10
1350
37
129
268
44
119
29
90
25
45
49
65
103
147
134
329
332
63
61
30
64
70
71
403
48
53
62
35
11
24
273
248
284
49
36
119
112
17
1119
126
100
131
35
183
436
41
11
24
160
23
26
143
123
66
9
14
43
60
42
76
1065
49
49
22
132
9
200
49
0
57
77
105
238
83
21
70
99
35
107
183
55
62
71
21
47
70
17
21
812
15
53
130
386
21
112
91
503
24
103
96
69
558
49
21
35
42
25
47
109
386
587
875
36
55
144
143
301
121
94
91
92
39
145
89
29
85
101
110
54
22
42
40
84
48
116
37
43
273
288
434
145
39
344
652
34
146
22
18
70
85
142
1181
356
93
70
82
112
374
90
120
960
197
513
35
21
135
75
112
63
64
633
41
147
61
43
149
252
12
446
48
41
148
557
264
78
86
103
124
343
1014
100
40
126
20
1091
99
92
19
136
70
263
55
395
23
307
61
54
48
14
24
53
8
349
10
950
30
42
85
95
38
77
7
44
204
110
59
237
70
132
59
56
34
106
81
272
33
301
91
106
99
105
1194
52
124
29
44
61
124
44
42
68
84
35
465
323
41
83
68
630
24
54
15
145
42
70
355
36
115
311
16
48
406
1126
425
14
91
120
41
36
252
69
26
19
43
14
274
0
36
86
84
35
77
42
45
70
70
66
1352
16
245
73
133
36
330
359
85
81
88
116
170
206
42
25
144
70
339
56
98
48
10
87
414
54
97
176
79
73
316
131
69
95
80
94
27
903
62
65
63
70
7
377
0
228
91
78
1143
99
29
561
21
274
133
129
39
301
104
83
28
88
104
375
319
16
21
73
74
329
16
204
214
32
56
80
27
8
106
21
27
211
39
70
32
49
41
37
146
21
286
28
96
805
53
183
44
78
162
24
58
58
35
183
20
314
85
348
57
81
112
6
135
47
55
65
81
56
147
36
97
181
104
55
107
98
25
65
61
124
41
104
69
169
996
1161
38
336
14
204
125
399
22
58
250
126
77
633
28
28
33
53
468
36
346
41
78
104
34
20
20
132
29
11
344
53
29
59
77
203
96
24
39
422
45
36
126
330
169
89
41
925
21
97
33
54
128
84
50
28
43
563
41
125
27
129
43
84
51
48
195
86
324
95
21
62
81
98
267
25
72
1
48
261
380
73
522
14
37
48
96
23
55
242
49
15
1113
71
30
279
511
64
238
329
78
57
81
90
27
129
35
31
51
7
19
73
4
43
21
39
91
687
249
28
142
180
50
49
113
48
92
63
333
23
7
112
54
94
300
3
377
52
34
20
20
106
736
486
24
26
91
24
22
2
44
40
176
122
29
74
39
200
1446
419
24
27
60
306
62
51
19
24
59
85
71
26
66
36
95
113
13
64
10
124
55
230
1
72
273
27
35
641
367
92
26
101
354
202
24
379
85
35
51
68
97
542
52
36
35
121
80
301
94
95
64
1015
42
134
30
224
151
83
34
25
488
40
150
495
73
72
76
56
64
69
38
15
99
57
641
34
15
36
10
21
71
37
147
0
489
118
179
37
63
383
77
47
46
0
95
56
150
461
397
34
154
22
13
236
91
143
56
50
0
82
27
66
49
147
50
65
77
426
488
833
322
139
318
61
96
330
73
111
80
21
43
62
68
235
139
25
0
94
280
104
108
31
130
21
15
54
26
193
85
90
54
56
35
51
39
76
52
49
161
22
77
56
38
312
64
2
54
49
119
32
42
30
56
33
147
50
330
14
62
278
88
985
144
77
35
35
73
73
57
59
187
402
41
1120
42
104
33
20
35
25
71
39
20
142
55
17
119
1281
602
55
224
14
35
80
435
58
80
275
383
145
160
168
54
66
363
98
80
91
85
58
54
27
19
385
86
103
35
69
63
27
7
267
205
91
0
44
123
73
18
7
601
86
82
198
28
16
56
14
336
20
29
137
21
21
45
56
110
458
79
22
309
26
61
16
17
232
1010
155
66
27
96
587
67
46
71
21
41
188
9
57
97
27
66
42
953
909
58
58
167
202
34
111
28
16
62
280
210
50
189
79
72
52
265
824
7
38
28
82
232
294
6
492
75
105
78
271
42
20
13
51
13
90
152
30
91
115
28
19
25
46
232
94
60
86
3
58
56
16
85
32
381
140
6
49
82
33
48
25
92
86
0
20
12
48
35
95
498
87
116
69
44
0
20
39
34
287
29
252
47
114
15
290
52
83
24
50
22
73
377
19
13
189
14
27
259
14
20
1060
27
140
42
24
0
21
22
63
80
317
60
117
99
124
1
113
78
715
160
25
131
22
79
158
71
184
37
35
74
30
122
29
64
70
202
62
137
0
34
9
54
0
405
221
47
134
40
48
275
55
40
40
366
95
56
79
93
96
71
720
220
33
393
91
23
95
72
47
70
33
51
36
73
29
39
300
70
13
38
20
660
385
51
97
15
77
1094
26
79
6
41
51
34
473
84
44
50
16
212
70
141
36
63
275
164
328
543
10
30
21
128
52
254
138
253
349
55
97
146
287
61
242
56
40
25
374
103
319
98
104
25
164
238
1102
263
32
9
118
26
89
28
84
122
34
81
133
71
373
364
287
289
77
265
27
347
274
61
21
88
106
136
104
28
504
97
411
14
78
97
113
83
92
166
104
614
1
66
13
365
70
63
36
2
113
73
20
77
72
790
107
99
269
184
64
2
34
122
91
51
72
75
81
393
109
289
34
96
190
172
61
54
20
126
69
125
96
64
30
61
132
52
0
33
63
98
3
315
90
120
27
362
37
90
40
45
30
834
114
27
34
88
140
15
280
26
14
38
60
23
106
21
92
221
75
112
118
99
548
84
83
56
139
29
21
42
14
0
540
55
15
26
84
152
75
57
6
0
293
15
1069
29
152
62
86
70
326
64
293
65
326
63
254
172
919
46
176
216
354
19
71
560
31
65
248
140
41
118
189
74
172
96
45
85
197
111
40
85
16
45
54
79
32
40
67
121
132
287
21
15
66
44
46
83
14
140
229
45
1304
82
64
48
48
307
70
48
123
33
219
85
330
358
75
27
139
106
51
99
107
444
0
42
89
132
85
22
229
574
64
22
127
286
20
23
64
42
532
37
21
64
91
306
14
133
63
383
169
80
263
291
14
59
79
78
98
19
51
56
77
49
98
76
27
68
202
49
307
105
84
11
214
35
107
54
27
1
513
49
370
377
992
105
27
41
45
48
70
308
42
154
96
32
117
24
63
21
27
65
33
16
689
43
28
974
127
70
481
47
66
265
39
106
33
83
15
1025
784
40
89
806
93
19
69
94
32
566
40
98
88
268
20
183
508
61
92
70
48
0
0
98
36
57
56
29
79
128
127
97
29
49
133
51
63
50
94
174
116
96
135
396
320
72
8
19
23
100
82
41
134
89
78
266
34
176
1357
865
344
88
36
73
49
85
76
64
29
96
28
49
62
21
79
95
64
23
438
160
7
42
414
42
42
861
470
325
15
46
331
35
70
41
33
22
43
934
159
83
57
132
36
29
80
30
27
7
8
72
66
83
30
63
277
45
51
37
96
118
176
54
66
29
53
103
334
272
496
91
351
79
31
0
17
55
311
37
337
161
99
140
301
73
920
22
52
36
111
192
315
167
476
154
853
160
28
31
55
78
38
26
61
290
9
49
36
26
31
143
1342
65
48
54
364
694
208
82
191
106
26
58
1249
327
35
42
166
119
36
46
199
103
34
119
50
100
207
94
36
83
556
156
57
28
76
159
231
486
97
83
21
51
59
25
23
280
41
105
31
119
87
6
144
129
40
50
117
91
329
120
21
27
53
105
49
304
37
368
10
34
15
84
34
22
89
49
41
483
103
95
366
307
102
39
48
695
24
16
98
137
77
50
29
101
69
62
163
1121
35
46
9
510
321
63
51
105
25
134
114
103
280
34
126
106
56
42
37
34
334
54
39
332
107
429
31
379
39
71
25
143
84
275
46
108
68
23
300
656
181
70
1
47
39
57
57
99
115
265
395
43
251
60
43
109
83
67
36
24
294
273
59
58
237
40
19
27
82
19
22
50
22
23
62
56
106
97
179
77
525
31
66
0
263
50
21
115
17
240
35
44
57
83
124
19
76
49
100
0
274
308
21
69
75
24
78
70
28
92
74
102
265
64
152
62
77
16
155
471
25
41
258
76
34
101
112
52
99
55
41
128
84
54
68
1040
163
85
28
199
56
143
56
175
58
27
225
151
26
101
106
59
134
122
154
10
666
98
534
89
106
111
10
71
124
253
31
1339
65
442
27
98
83
59
33
60
82
70
186
982
351
33
364
0
28
267
28
13
56
0
26
47
725
63
135
44
42
28
91
271
77
8
49
195
99
48
50
141
76
24
365
138
22
701
39
71
95
83
76
35
10
31
144
0
58
36
72
133
7
39
7
104
71
41
98
43
20
67
231
21
393
19
419
129
70
88
21
15
57
62
239
35
868
357
26
79
262
35
195
198
70
30
133
119
207
139
44
63
78
27
19
34
42
47
71
273
812
26
43
27
10
71
60
56
87
11
277
61
88
113
205
71
29
112
74
17
21
24
99
48
409
84
380
77
56
38
76
126
74
307
76
276
96
59
62
22
28
14
81
53
63
63
59
249
61
24
12
184
63
41
126
167
60
56
421
7
22
62
245
76
55
33
40
150
51
56
78
80
182
39
15
31
34
363
47
414
59
84
31
28
257
20
15
25
184
75
84
149
165
30
274
388
80
122
31
1191
395
358
17
19
126
126
284
144
67
26
103
379
855
92
188
56
103
104
369
393
36
21
72
125
344
142
87
48
58
36
165
137
63
64
27
428
289
435
70
682
53
169
120
1013
583
226
49
70
63
63
35
771
52
213
273
287
49
14
14
55
63
10
354
17
40
54
72
82
85
55
523
29
84
126
40
103
28
202
74
33
17
30
352
109
665
60
842
74
48
10
570
76
109
394
0
148
100
130
21
57
241
78
106
28
41
95
25
36
17
882
356
71
98
78
86
68
1085
25
80
48
86
1247
38
946
37
21
202
21
37
114
41
164
813
61
14
168
43
143
57
21
69
0
28
102
25
13
48
69
23
83
59
1350
51
78
120
58
46
91
23
38
22
76
42
1271
84
50
105
265
42
114
73
70
56
86
92
54
21
7
99
117
78
33
67
298
118
70
37
50
26
83
71
34
7
14
22
37
34
7
86
68
43
69
95
26
163
342
210
142
29
155
44
38
31
44
78
78
39
90
173
1389
277
63
661
19
34
25
20
62
418
600
274
130
91
72
458
979
118
48
15
52
93
68
305
439
132
43
17
62
154
111
29
28
56
97
52
28
14
141
95
13
70
30
27
67
392
62
59
31
80
25
203
62
38
261
52
565
50
40
105
1197
106
69
17
35
21
71
27
337
90
58
90
80
621
22
79
91
49
57
69
1
273
48
276
4
83
147
48
324
488
26
90
22
43
236
67
23
53
133
109
22
1
121
23
15
104
29
31
51
51
77
101
53
62
28
49
38
136
76
84
161
95
24
37
1289
172
54
8
36
61
67
73
70
30
517
96
110
92
42
159
35
348
1100
42
91
145
13
134
197
25
89
109
798
70
0
456
89
63
204
71
29
275
24
265
39
62
43
212
68
2
49
71
0
578
138
51
149
61
832
28
120
283
247
1205
24
165
82
108
480
56
56
123
580
26
398
47
407
41
43
127
103
37
270
23
22
283
62
57
28
39
61
71
30
88
26
52
76
370
497
60
358
22
133
404
27
64
542
73
75
133
87
111
110
72
113
101
84
362
88
49
135
121
69
97
43
84
17
321
111
96
141
51
20
148
53
77
977
79
34
36
42
188
0
23
894
111
93
126
125
31
278
184
58
304
179
78
68
17
38
61
68
102
33
776
42
69
125
15
64
163
177
95
18
59
171
31
362
40
116
353
175
114
260
493
121
97
360
216
154
24
23
141
10
21
358
22
21
12
63
74
84
58
182
268
629
85
17
42
152
67
27
113
67
20
203
171
70
25
413
100
47
36
730
77
281
21
141
26
108
23
276
60
240
57
161
6
23
35
42
28
187
208
44
342
122
24
39
616
70
14
61
484
70
289
41
92
19
28
52
0
75
93
15
40
106
44
128
21
298
101
44
48
38
370
124
71
210
83
174
50
377
227
319
124
66
57
98
176
777
98
154
72
33
31
59
90
30
68
99
131
69
215
329
64
35
20
332
85
28
40
26
723
100
99
346
30
63
62
693
8
56
62
55
29
508
171
345
271
33
49
54
48
21
167
75
316
19
58
85
65
21
23
30
119
376
264
68
77
41
246
255
32
160
44
11
0
153
42
87
28
25
25
188
114
41
904
167
77
43
20
448
64
197
639
40
302
292
70
29
168
138
85
98
17
22
144
518
26
329
62
121
183
40
97
35
15
49
69
24
60
34
23
52
16
45
92
211
49
3
48
4
98
74
21
61
133
49
130
43
240
397
72
727
901
19
57
46
22
68
22
62
69
133
441
103
29
122
72
35
332
191
67
384
157
24
53
16
84
42
128
289
215
214
69
850
106
96
105
212
136
98
29
340
112
43
84
85
39
85
4
40
29
84
17
105
35
189
46
197
299
220
99
40
75
90
99
97
74
71
66
23
21
23
55
50
16
21
20
951
28
21
14
215
170
33
9
76
106
409
82
48
82
133
25
124
76
228
36
97
161
266
75
57
30
91
39
57
133
83
49
70
107
26
253
41
83
44
274
157
6
90
111
29
25
120
278
50
26
43
57
65
76
229
20
42
65
69
449
5
24
76
45
76
28
67
119
0
189
21
69
2
111
35
72
107
215
26
21
30
67
56
70
75
21
34
38
111
18
92
334
63
42
29
8
62
161
63
52
56
142
38
46
183
97
70
38
75
703
329
33
74
91
23
73
136
65
761
725
338
62
29
1131
413
42
108
18
79
113
53
69
7
109
728
48
62
55
71
94
32
51
140
0
21
32
99
26
34
98
104
37
74
50
102
38
17
118
154
93
80
82
70
134
82
23
77
129
69
96
359
57
83
364
348
115
35
61
18
21
769
24
109
253
37
19
40
216
280
273
95
74
90
227
284
96
218
29
75
438
336
56
205
105
15
166
85
23
49
82
552
59
70
50
10
60
36
31
38
76
115
175
357
93
105
63
133
126
2
28
22
21
24
864
32
74
8
927
43
64
83
0
777
141
18
63
717
55
179
80
40
169
44
42
67
104
275
49
422
42
325
190
56
182
170
118
58
42
74
108
12
91
77
794
28
52
16
16
43
63
22
45
12
22
28
125
246
14
42
140
129
51
133
91
39
115
43
100
91
98
48
56
81
28
0
22
34
591
61
316
23
69
350
65
78
75
64
56
153
53
26
44
204
79
601
37
29
1088
29
44
36
221
391
35
68
36
413
64
77
49
295
134
103
64
28
273
27
461
29
37
89
62
195
41
56
591
115
27
21
28
532
589
20
203
60
122
40
72
328
78
169
133
67
116
532
94
1
511
6
116
225
749
32
116
42
86
23
907
84
313
671
8
67
119
92
21
64
12
26
88
80
76
83
88
70
49
68
74
55
74
49
49
60
387
8
43
69
50
39
72
63
77
21
32
78
144
77
86
22
280
650
61
58
84
77
51
92
59
118
279
31
315
56
144
346
661
426
472
71
135
42
20
111
27
18
155
57
36
77
14
63
395
238
105
1079
168
113
31
579
94
107
1
120
62
127
143
14
22
37
33
78
48
85
272
66
44
137
71
118
194
9
52
582
85
60
0
21
144
60
15
34
42
252
149
29
55
78
188
182
293
114
27
63
81
36
63
240
66
231
35
46
89
112
33
54
105
74
297
1005
109
254
64
141
55
212
29
393
157
29
161
57
18
21
28
140
42
50
103
61
30
37
145
247
19
102
59
76
70
68
91
61
32
83
27
236
31
138
57
58
50
425
39
62
168
332
22
135
92
55
169
1204
28
79
121
90
69
70
293
59
22
2
58
267
16
35
690
75
124
27
45
49
35
133
1362
19
74
41
77
25
13
146
199
100
60
89
244
43
45
55
29
119
1138
820
268
65
69
63
29
84
51
35
106
1074
363
49
21
712
70
148
85
36
62
273
618
58
21
18
39
926
138
31
61
48
344
35
110
56
726
76
107
41
384
79
76
59
28
63
133
128
29
149
110
28
1077
174
93
69
29
52
59
88
37
26
210
10
21
22
70
616
103
0
57
44
90
81
13
138
151
16
33
139
40
78
49
33
80
187
44
414
35
150
81
239
43
103
91
51
326
46
40
8
20
1092
78
319
148
84
499
91
37
496
650
39
141
24
31
34
184
171
20
59
683
494
469
0
34
65
279
67
49
61
29
107
269
47
44
881
68
1088
41
6
22
55
82
1178
17
52
37
5
14
168
54
78
278
58
30
1180
30
79
27
135
91
485
694
12
102
30
55
447
123
562
52
43
73
52
54
61
256
237
941
24
137
24
63
29
0
161
200
0
14
132
36
49
88
57
35
34
22
232
34
217
420
32
162
315
54
442
20
95
216
363
22
36
1
126
91
17
192
105
62
424
0
84
92
26
112
77
78
33
16
273
77
206
36
36
93
284
23
51
18
680
287
219
1
21
43
86
38
100
24
43
36
92
702
22
106
30
46
0
1178
139
76
28
80
89
68
72
91
70
81
84
98
185
25
97
138
85
64
113
132
773
22
1091
298
97
551
450
480
112
80
666
42
235
153
60
31
71
78
82
953
265
284
49
65
302
139
26
33
29
409
71
778
722
88
86
153
342
27
132
71
7
125
11
105
61
55
68
150
280
1163
104
112
37
47
26
72
78
14
99
49
126
91
35
22
574
32
43
139
21
46
168
102
68
59
19
19
92
273
110
1059
90
87
28
133
81
95
75
89
11
27
33
70
28
27
99
44
36
161
60
365
60
121
365
299
22
29
49
42
468
14
32
0
127
81
78
73
59
68
76
32
25
574
125
123
20
15
55
372
56
92
57
219
86
119
52
24
106
78
92
93
1
251
80
92
78
40
163
215
56
78
175
91
181
485
7
348
61
52
30
120
58
90
54
91
27
36
726
112
24
37
63
34
44
102
113
119
27
140
0
26
53
35
19
57
77
152
154
84
105
72
87
1
38
388
23
15
15
642
78
654
119
163
39
67
52
413
62
56
23
50
35
34
106
63
93
241
124
48
18
206
54
134
100
111
38
120
32
17
53
112
84
62
84
142
108
221
139
137
105
379
70
116
29
40
159
21
144
84
38
211
40
405
122
26
14
161
43
21
36
78
58
59
49
525
106
77
35
77
43
21
33
373
459
50
49
97
205
24
16
35
78
35
154
69
32
479
36
303
52
427
162
52
67
100
112
47
22
489
277
613
265
113
235
80
21
207
62
44
56
103
509
777
321
39
215
300
38
85
78
215
215
41
111
71
30
664
64
213
27
98
114
48
43
745
254
35
90
423
41
287
15
69
250
119
63
19
90
216
139
53
110
84
41
57
81
199
0
97
9
315
58
76
174
31
73
565
44
38
300
123
28
89
200
108
112
44
22
81
366
23
693
55
94
42
5
17
35
33
20
78
105
92
52
20
429
396
18
74
20
380
76
114
70
119
45
46
134
214
29
388
153
57
35
280
183
94
147
314
24
123
77
37
293
62
61
63
63
20
7
134
76
844
224
126
627
148
23
32
266
77
786
49
27
981
350
141
61
46
87
267
42
79
28
17
70
51
180
56
63
70
57
342
168
3
71
41
28
106
42
36
232
173
32
149
28
283
21
43
22
148
49
67
86
686
42
305
56
650
95
372
421
122
4
6
63
0
126
29
0
50
17
42
55
203
22
62
72
61
85
1294
72
291
105
134
122
60
113
755
89
27
147
94
429
18
20
50
161
42
1
65
34
379
54
384
731
134
71
23
495
210
28
178
180
133
70
20
60
711
314
118
38
16
31
6
44
91
107
68
102
98
20
35
57
46
310
16
95
26
114
688
65
34
29
42
78
71
601
202
543
99
69
96
96
340
137
52
22
34
71
71
207
57
86
107
38
159
43
35
77
456
260
90
117
44
16
77
125
82
330
40
191
118
36
104
85
176
29
33
38
213
50
53
317
57
47
139
109
86
163
19
32
18
464
28
128
57
31
245
73
310
373
56
110
90
114
141
32
70
33
28
37
273
48
100
190
146
89
306
28
77
69
19
21
211
171
27
71
119
69
20
275
128
51
252
14
83
65
42
27
94
16
35
97
76
113
91
148
146
45
53
0
251
254
48
12
61
13
26
83
49
4
48
72
107
711
263
43
372
21
162
284
13
78
49
504
65
105
32
358
237
43
14
93
23
31
74
359
32
59
22
28
20
19
29
110
117
46
40
104
99
110
97
31
112
45
42
30
226
76
174
602
77
96
16
29
19
81
64
119
58
198
0
22
53
37
785
105
106
122
134
27
132
16
64
22
146
137
70
25
411
351
68
63
91
0
42
140
283
83
91
84
27
41
294
384
112
67
285
126
100
35
39
110
29
107
37
14
70
39
111
310
14
364
86
63
433
31
14
40
47
78
62
91
22
23
45
19
60
58
246
30
77
14
580
396
426
19
128
111
28
39
73
32
25
22
114
38
104
346
38
126
858
21
27
137
26
63
232
58
135
77
84
183
24
88
84
22
146
40
114
232
144
70
82
21
2
117
45
8
82
27
2
1001
62
82
78
152
1
35
79
117
40
83
90
238
78
29
89
62
657
66
196
103
29
73
65
27
33
42
51
21
69
770
30
118
28
165
70
42
19
20
44
136
39
63
233
42
35
62
71
21
124
120
527
73
33
124
97
42
58
1
46
78
96
62
46
34
39
1056
107
34
89
93
49
33
80
14
66
615
64
323
86
69
62
352
49
131
102
93
78
86
26
154
71
105
758
161
59
163
20
35
93
13
580
416
153
61
90
18
88
42
21
135
55
63
29
61
39
27
212
329
29
60
44
22
68
158
37
95
1169
43
75
49
47
33
45
39
98
37
65
125
33
334
40
71
104
100
529
98
77
50
217
110
371
42
195
147
283
73
7
57
41
89
21
28
55
123
1218
61
77
100
20
103
147
18
52
106
24
168
79
1375
0
33
93
12
521
139
241
118
64
308
27
463
36
51
12
30
261
23
68
45
47
70
24
261
80
402
85
16
14
24
87
134
63
95
98
17
55
25
77
2
74
13
153
1177
760
65
92
49
54
17
943
111
23
80
89
125
32
157
36
63
485
7
175
315
93
67
78
70
24
224
20
97
67
27
275
44
22
36
2
437
35
42
22
64
63
6
76
19
92
15
35
11
56
14
16
103
36
52
231
54
28
93
272
102
167
86
69
238
45
112
471
25
0
71
174
14
39
164
57
713
86
160
43
32
259
1079
14
49
40
31
23
66
25
134
85
23
448
93
219
1232
106
70
124
41
81
58
252
76
392
79
51
110
33
52
84
67
789
21
433
57
277
192
7
16
49
105
73
27
175
74
92
49
225
35
33
12
69
72
69
142
111
16
29
598
53
25
21
313
22
73
25
279
454
293
28
115
72
89
17
174
36
213
57
709
108
84
38
406
119
84
71
59
110
18
132
359
6
60
36
192
22
57
99
557
31
91
82
117
57
371
34
54
50
34
22
89
42
34
77
91
16
106
356
81
516
112
24
27
28
176
148
99
121
33
59
52
702
32
91
282
350
29
6
373
67
52
13
27
215
41
81
68
43
63
24
377
25
31
60
81
394
106
107
63
32
495
8
72
33
70
23
46
51
547
34
0
13
16
99
49
112
394
54
168
39
27
35
76
122
728
21
42
17
32
48
60
34
50
23
36
231
59
56
33
49
34
368
62
29
175
307
76
65
213
230
52
364
19
65
120
72
21
588
105
58
22
574
56
285
56
105
47
53
32
330
37
26
38
104
999
111
314
29
26
267
46
232
18
78
42
51
72
23
66
37
32
104
55
99
456
94
56
109
43
237
107
107
128
106
709
88
219
21
60
69
102
41
154
21
46
139
60
145
94
94
83
82
55
119
706
46
23
73
610
675
75
47
57
276
231
49
57
1
227
138
81
76
8
28
69
116
69
1371
14
79
133
134
92
289
420
539
66
83
75
44
281
243
77
61
172
524
363
886
82
39
14
0
48
61
50
40
47
63
203
13
51
86
29
35
25
118
938
17
12
131
69
548
113
23
55
20
84
10
56
97
75
36
31
224
45
116
28
37
126
17
28
48
34
1181
67
52
0
0
60
87
36
102
42
209
66
110
155
91
37
22
119
130
98
64
455
812
7
7
91
256
60
47
146
112
57
14
36
567
35
210
71
20
253
470
140
69
31
24
60
57
20
175
52
69
34
255
27
127
150
154
135
28
116
121
74
138
84
77
48
15
42
64
1143
64
67
33
1141
57
262
62
105
434
389
70
199
469
38
51
28
123
52
21
51
267
168
95
43
40
96
35
28
139
90
145
131
1004
5
197
1071
21
411
146
8
7
83
45
30
54
47
48
57
50
155
68
103
58
15
125
856
697
118
308
92
27
163
21
20
864
45
90
76
160
125
71
35
151
52
18
49
42
27
28
24
106
42
26
171
47
233
52
53
125
18
73
35
251
42
97
45
89
1113
24
134
87
20
19
213
27
92
44
218
125
84
70
225
104
85
22
262
252
273
272
293
46
53
14
100
73
68
64
48
24
243
500
35
132
50
91
323
263
83
15
914
76
139
84
36
17
186
766
287
132
123
183
118
28
88
29
35
408
45
64
28
35
53
226
79
21
49
21
23
70
46
20
62
70
202
170
1246
136
24
17
137
261
88
145
43
35
38
7
50
74
50
30
28
51
92
13
147
127
439
272
274
0
33
37
610
54
21
17
26
119
62
272
103
165
0
147
57
1118
36
31
133
81
64
181
68
78
90
169
52
33
49
58
950
97
56
138
273
812
86
309
37
15
62
115
57
73
19
23
19
149
23
862
23
399
24
30
204
74
21
59
126
27
31
90
21
272
141
26
124
188
98
66
90
77
29
93
97
85
119
249
386
97
194
147
126
91
27
267
77
59
89
29
1
295
63
54
62
81
29
91
19
43
124
66
63
62
205
128
21
53
29
87
86
28
73
253
576
21
18
21
171
105
96
101
45
30
101
911
93
58
772
28
222
26
950
18
70
27
102
266
33
35
26
836
40
75
38
85
54
17
284
72
114
16
296
155
105
31
71
84
71
330
90
33
154
547
42
288
334
15
64
117
22
280
76
83
510
52
36
331
78
89
160
76
42
392
279
20
49
30
33
15
58
42
135
37
24
78
62
24
8
85
154
30
263
366
27
170
63
28
63
83
205
17
78
80
348
73
20
225
105
799
86
602
639
16
85
43
30
77
55
53
305
210
24
92
55
299
34
56
64
272
86
214
828
41
293
34
88
957
141
12
58
123
59
25
31
38
87
54
105
6
45
70
28
30
113
15
38
195
18
50
28
93
70
16
25
166
81
575
175
72
298
69
25
24
96
35
297
78
181
29
82
9
177
38
236
40
231
26
397
21
308
29
71
47
81
24
30
246
63
62
64
68
132
15
115
41
84
106
44
38
226
215
63
23
103
174
180
18
118
92
85
82
39
17
20
349
82
58
23
268
38
340
56
63
65
140
61
62
91
84
280
24
204
139
109
96
37
63
147
85
105
29
1089
24
29
197
100
71
63
69
133
497
31
149
119
29
10
1036
50
3
64
106
7
256
37
110
2
78
35
273
290
132
280
43
97
69
876
191
224
102
314
854
62
270
104
138
64
22
78
31
77
16
149
343
102
54
180
14
70
14
112
160
4
22
30
681
90
217
704
90
283
0
377
12
15
62
19
23
116
174
580
557
13
75
15
38
274
537
112
22
16
35
44
14
553
32
44
282
109
310
20
42
161
299
14
161
75
272
309
57
602
231
41
49
79
105
101
7
53
0
64
61
35
61
81
536
0
99
93
119
365
80
74
29
189
65
52
54
93
42
34
426
415
34
52
91
219
75
148
38
21
895
154
91
29
300
34
114
231
26
0
189
19
284
29
97
20
287
59
119
32
56
287
8
99
63
112
20
27
41
49
505
27
153
48
76
71
100
218
238
273
60
31
170
155
38
1156
110
44
45
118
31
78
58
120
77
7
28
98
147
72
55
121
72
97
86
44
146
42
94
55
71
18
11
119
60
20
63
210
107
26
43
83
61
62
79
77
30
96
60
22
58
76
329
544
27
99
371
100
7
15
32
280
14
294
56
58
146
783
79
69
142
10
408
22
59
109
235
55
35
49
93
133
38
126
45
258
235
97
20
70
39
104
17
21
26
49
121
113
69
602
146
82
30
282
105
36
114
98
50
125
271
658
264
32
5
90
74
154
38
105
120
125
137
67
22
27
96
33
71
361
82
16
126
95
73
1136
69
104
71
27
87
0
22
29
22
62
16
284
22
37
123
1
57
198
92
113
196
45
128
89
34
103
56
671
385
69
159
1
69
24
59
100
113
84
129
411
103
38
47
98
83
111
21
287
253
101
469
92
98
90
27
185
42
35
71
392
13
63
42
55
247
20
175
109
55
42
66
374
133
96
619
21
274
74
216
39
25
35
126
77
61
20
17
90
151
106
20
106
47
81
170
99
252
0
273
56
28
0
59
249
317
26
403
11
118
61
760
866
377
237
28
74
111
97
50
1020
381
56
77
82
155
13
17
0
26
20
1009
48
192
103
827
18
262
93
74
85
33
106
664
60
661
123
68
56
86
20
136
85
109
13
20
36
71
84
52
16
120
29
1049
253
87
67
252
92
339
55
394
14
0
124
219
92
19
92
243
245
118
18
280
40
384
60
35
37
1046
36
29
104
79
701
172
35
253
30
16
776
36
103
98
802
36
38
28
77
5
7
545
126
25
63
504
467
16
107
21
104
42
74
15
300
77
1068
95
79
61
31
39
73
0
63
41
111
84
25
139
22
86
85
91
69
90
43
85
126
83
31
95
85
65
324
65
195
36
18
39
98
67
42
55
22
31
56
25
65
66
22
427
2
1196
25
34
113
41
65
19
89
287
57
37
63
715
45
44
23
1071
38
36
8
15
63
134
89
256
57
22
61
60
91
65
111
358
32
32
63
283
0
48
16
178
83
90
23
66
23
24
248
76
71
58
87
83
281
78
56
119
191
13
816
27
80
43
76
7
302
99
130
399
177
59
19
1276
35
159
112
320
15
54
113
68
83
79
273
24
497
292
99
359
222
24
53
66
7
56
26
222
94
141
39
25
75
146
59
232
72
42
82
27
16
143
77
31
36
140
120
15
70
66
184
635
26
979
14
57
100
48
56
82
539
232
14
623
162
38
27
12
65
80
976
20
70
69
20
85
108
35
492
111
174
47
36
4
65
162
134
44
252
101
27
211
118
699
73
77
19
29
174
45
149
54
221
33
69
65
12
0
85
334
133
206
181
48
30
63
29
23
68
42
21
30
75
37
119
91
97
40
20
137
111
48
58
78
109
28
22
182
278
105
42
62
89
0
111
17
64
35
91
13
49
77
43
43
42
56
66
62
119
30
115
146
42
228
84
47
85
31
56
48
359
96
81
79
86
162
27
346
39
612
21
0
78
48
44
60
716
98
66
87
103
70
38
24
150
77
251
28
832
135
65
94
112
278
303
63
16
18
75
62
42
0
378
13
103
312
37
43
180
231
27
14
104
320
274
133
127
24
105
85
84
174
1151
290
87
71
60
182
22
277
84
75
77
277
59
511
121
49
233
67
51
88
78
32
81
10
57
29
45
86
16
261
128
274
187
21
705
17
126
114
41
212
15
868
49
54
586
91
325
22
78
134
139
21
43
14
14
176
18
71
21
65
132
146
481
21
48
103
220
46
714
51
62
113
73
44
22
151
31
56
55
51
62
77
28
17
36
22
108
118
15
83
21
114
299
49
42
14
41
80
14
68
312
252
231
84
1407
76
41
137
65
51
33
104
66
90
69
462
23
85
306
77
90
129
626
55
105
100
49
61
97
115
624
298
17
28
565
15
52
28
59
41
35
93
269
28
78
17
62
101
83
49
98
251
89
90
83
207
119
22
23
92
310
39
82
22
33
165
73
88
25
19
63
81
111
48
153
90
105
261
19
79
70
113
95
285
390
73
26
456
99
253
157
149
1040
59
284
41
76
89
45
50
60
56
89
28
169
37
65
21
527
341
36
26
278
68
13
47
68
36
83
49
72
131
103
52
224
118
30
28
14
146
89
109
75
31
346
96
18
24
111
93
36
34
527
220
131
24
83
59
209
130
29
114
97
87
37
96
19
28
94
19
122
145
69
1134
23
33
22
78
33
91
608
105
68
42
171
70
706
47
68
0
305
41
37
98
629
30
64
137
142
84
86
186
67
95
35
81
2
13
22
71
77
20
63
14
40
146
111
119
42
34
0
69
70
27
360
84
43
283
123
167
136
149
41
14
298
42
18
252
24
463
266
37
23
334
140
65
21
886
36
120
140
70
38
85
77
25
92
1008
276
28
98
29
89
63
313
328
30
38
64
456
44
44
62
65
10
21
106
147
28
81
77
42
32
131
32
346
385
42
31
39
427
21
73
30
797
98
38
70
15
64
175
21
434
130
25
228
129
73
126
1262
27
0
28
66
22
22
56
1099
0
74
70
77
62
34
24
55
1245
181
90
77
27
28
21
27
69
86
221
91
7
36
164
109
90
333
308
139
97
84
67
136
17
112
69
55
35
189
63
259
50
36
37
145
56
71
578
55
55
275
81
70
56
40
68
23
0
30
54
379
145
42
77
45
23
14
114
177
126
69
102
102
142
78
379
127
59
722
14
62
106
132
199
137
118
33
86
976
161
27
188
28
275
50
17
6
208
153
156
152
41
25
152
51
35
58
33
82
215
318
97
161
21
70
129
55
157
21
142
16
41
53
21
168
48
59
310
112
77
91
66
28
176
154
68
77
35
93
0
96
4
170
567
35
68
245
122
205
117
36
184
28
24
111
40
77
48
144
66
41
111
416
113
114
471
104
70
279
35
46
18
113
359
131
174
133
81
99
57
126
84
78
28
28
78
48
261
35
22
413
88
48
80
35
47
38
52
219
31
101
80
97
23
75
71
155
61
37
106
57
140
1332
71
154
31
57
45
160
48
31
26
27
27
35
64
320
64
585
55
113
46
116
121
19
42
101
30
221
76
63
371
180
39
35
97
201
0
439
70
179
91
0
20
54
95
254
187
0
71
62
36
319
19
16
33
69
0
35
413
0
29
64
477
31
52
82
171
100
0
260
62
28
84
20
130
812
229
154
69
29
36
30
219
22
110
91
96
26
126
118
123
154
752
261
112
97
27
325
83
23
305
77
75
63
151
671
101
1156
141
29
51
189
9
151
170
64
116
90
54
94
21
28
14
1244
137
133
41
57
469
90
40
32
92
144
210
0
12
247
70
163
78
64
168
861
85
56
51
43
329
62
45
34
958
109
108
8
71
194
25
135
287
34
14
104
196
107
27
131
49
2
88
475
296
30
364
49
197
89
126
25
74
62
386
43
75
35
637
0
59
133
704
13
80
57
39
78
76
36
28
281
24
91
97
119
21
49
259
83
1011
62
252
3
313
30
115
500
39
292
30
90
323
28
187
19
70
179
34
59
112
424
74
56
71
205
131
47
62
15
1091
70
17
116
65
44
539
44
109
334
30
4
50
33
28
64
69
72
20
135
38
100
27
21
297
30
80
312
360
126
62
160
104
379
88
27
45
10
69
287
20
17
44
239
23
250
94
93
182
0
83
46
123
28
18
77
20
301
77
88
307
34
91
42
35
32
41
521
117
127
301
126
29
105
61
69
111
100
383
53
1185
24
112
90
20
77
77
133
49
119
49
8
71
125
49
78
101
0
293
104
21
49
33
109
231
118
55
21
124
89
277
111
12
42
16
407
33
28
81
41
91
57
58
35
131
134
71
36
28
735
99
52
27
24
248
60
44
48
56
75
35
13
97
55
24
111
62
415
21
42
55
52
111
29
30
224
23
34
64
33
72
10
88
27
37
84
84
727
7
77
149
274
252
564
38
23
41
188
172
266
20
18
49
34
51
55
27
25
54
13
88
32
114
28
24
28
64
43
60
34
83
75
63
110
104
28
147
34
129
8
49
18
31
134
42
126
119
268
91
479
51
25
36
113
65
65
284
71
252
229
87
358
70
44
88
53
57
69
106
67
52
105
57
17
161
273
169
35
27
399
91
386
147
900
0
18
66
21
41
105
70
49
270
27
125
45
83
92
143
65
100
28
80
59
78
14
511
85
404
84
1040
369
101
85
29
28
55
1131
185
63
26
23
284
0
273
30
583
77
283
35
56
70
679
83
74
24
389
25
25
321
126
87
1
395
95
16
31
639
15
74
82
712
120
290
76
31
33
6
38
50
126
104
67
26
28
56
12
370
72
30
41
214
188
293
293
85
18
38
326
69
67
73
82
145
106
23
130
84
33
214
400
136
82
202
18
127
74
22
281
7
120
42
72
73
42
95
100
14
105
126
35
28
288
20
170
173
137
212
31
29
115
67
16
341
22
53
78
31
588
1127
56
104
581
202
189
41
91
28
27
23
14
41
113
91
26
38
50
327
89
44
38
62
66
13
55
7
50
133
8
10
98
452
81
47
13
33
64
25
791
22
312
62
32
45
50
20
141
77
216
76
17
126
110
101
24
84
482
66
47
153
29
356
346
147
103
32
32
266
19
62
140
14
111
16
287
69
52
29
103
36
84
37
311
175
119
52
102
70
127
62
44
24
168
11
61
61
452
92
56
143
371
29
35
112
50
452
17
29
75
280
20
26
268
42
244
53
101
23
335
85
293
70
15
119
28
82
70
20
25
166
75
75
34
51
0
148
124
73
302
24
32
420
61
93
104
35
48
279
22
136
43
34
338
85
212
14
41
23
156
53
132
91
17
15
1008
851
198
316
169
59
31
409
121
29
23
140
408
88
25
262
35
289
455
151
53
49
39
148
48
50
91
65
97
65
28
299
147
294
72
43
50
29
581
160
95
32
107
3
42
125
68
88
280
224
12
275
201
13
39
50
301
100
321
92
28
117
91
16
30
30
75
82
60
354
159
71
31
21
120
8
63
368
105
21
36
33
60
25
14
57
104
62
26
56
116
68
196
34
206
272
25
77
11
63
30
97
31
30
41
6
108
31
91
28
0
133
70
85
97
21
28
80
575
113
181
37
23
36
88
34
27
84
141
85
65
0
52
90
107
45
70
467
90
46
235
37
20
53
21
341
257
323
120
48
66
275
1
77
264
97
47
110
33
103
422
92
49
26
63
111
66
42
332
78
87
29
83
41
16
89
1043
84
91
76
310
220
36
44
354
87
36
28
49
72
186
1106
122
126
72
41
842
82
58
406
131
17
448
423
63
27
45
132
530
37
112
436
24
183
207
334
624
56
112
139
175
98
6
60
0
139
496
91
61
70
372
85
1
80
49
18
78
30
341
64
82
33
56
56
100
55
652
97
167
223
2
51
84
134
53
381
95
83
87
42
25
26
33
10
18
36
122
47
82
25
300
240
53
17
55
133
91
50
89
25
19
286
22
278
381
972
36
238
79
11
103
120
43
75
331
50
134
56
350
116
52
63
157
745
28
48
273
31
90
157
39
61
511
43
93
37
328
35
107
17
64
73
242
80
16
14
97
36
1
39
27
721
76
48
162
28
26
76
875
81
31
89
16
1
168
112
46
97
228
39
76
46
336
0
19
1181
134
207
21
69
34
539
138
176
259
18
102
56
62
322
215
84
17
121
150
32
27
91
44
14
102
98
65
27
19
156
67
25
258
112
31
70
172
37
27
28
141
56
80
61
40
49
16
74
41
38
60
168
96
58
108
104
64
49
90
13
125
28
59
29
57
105
24
940
45
119
273
56
819
273
303
14
524
59
78
110
90
87
45
46
68
71
28
583
70
17
56
34
53
75
13
27
72
19
228
34
65
79
358
52
41
55
28
43
29
188
303
30
67
17
31
90
114
16
98
98
51
7
94
163
335
300
73
78
406
61
133
74
31
0
122
28
62
10
30
78
52
26
90
16
508
16
44
22
55
87
66
53
22
29
43
173
58
19
14
6
21
84
581
100
428
330
21
83
108
124
558
19
86
68
118
22
52
26
80
129
1125
13
33
42
56
354
81
120
268
245
15
133
26
207
6
273
123
127
28
117
37
84
55
40
296
40
498
280
752
326
265
107
51
218
261
199
56
49
64
105
72
4
84
73
145
67
55
69
21
61
41
109
202
274
255
28
791
14
46
133
39
140
86
90
47
203
105
50
27
125
185
25
52
33
42
14
79
31
117
359
64
90
36
50
184
27
64
17
88
82
31
84
45
84
1331
11
23
86
31
11
90
114
90
153
72
120
29
149
43
95
58
13
87
107
212
60
68
38
34
121
14
18
100
202
47
57
42
132
149
176
64
19
24
72
181
142
250
20
157
77
165
25
82
54
678
58
24
28
39
412
16
36
63
64
7
34
70
24
119
17
42
46
199
15
198
24
42
56
73
104
134
45
0
24
343
623
1147
44
19
74
35
216
85
74
373
335
71
149
34
129
56
95
48
35
36
65
64
231
256
1152
60
1099
132
42
23
141
88
56
89
76
21
28
14
9
35
47
75
92
20
28
77
133
79
277
115
61
49
92
264
55
52
267
89
57
65
106
77
1164
136
113
45
0
76
377
161
23
49
84
67
30
36
21
283
27
44
203
75
29
209
46
374
24
84
14
26
66
25
69
25
224
91
62
769
201
57
84
272
60
20
15
327
467
70
62
4
41
411
172
60
40
263
79
64
97
70
31
101
544
54
464
99
71
63
94
92
86
65
70
9
89
31
22
44
51
15
108
257
45
171
27
145
22
17
89
65
184
44
40
27
16
91
67
53
24
18
15
26
19
15
55
191
63
95
54
369
20
55
49
42
20
141
33
43
30
48
148
14
31
238
57
34
295
70
47
29
9
14
15
64
85
104
70
315
175
31
63
73
90
28
15
47
497
49
342
320
410
86
58
35
13
75
99
320
70
58
13
0
23
78
105
59
68
78
85
522
28
78
28
38
203
66
147
91
73
53
35
43
87
301
65
119
23
124
38
137
22
37
638
426
113
37
15
259
278
174
151
66
2
105
35
41
30
471
29
87
12
0
117
274
279
71
34
367
27
128
58
97
23
36
558
198
81
85
28
90
75
93
17
116
102
72
285
46
43
77
291
52
96
85
87
273
332
130
38
32
70
69
35
91
153
323
94
613
107
61
129
25
23
124
201
118
152
837
98
334
1
84
57
58
154
36
133
991
66
83
44
856
463
548
52
371
38
216
19
34
120
293
214
354
62
88
2
28
29
35
20
809
62
23
50
24
50
17
57
31
140
29
106
6
273
75
28
18
61
357
63
38
41
829
77
42
84
44
98
518
176
26
125
86
42
552
49
262
52
36
290
793
118
90
67
32
54
23
221
54
726
83
49
128
0
89
80
77
21
93
192
41
379
140
54
51
784
110
79
48
93
153
70
90
111
28
122
105
814
478
71
14
232
85
62
19
33
73
64
24
175
38
49
90
87
84
14
15
96
159
8
76
73
202
34
44
41
165
97
48
22
113
265
170
11
45
101
31
124
84
44
195
27
102
201
35
32
190
283
578
70
96
36
83
137
133
62
180
36
25
100
45
23
53
89
133
935
207
72
46
10
78
1064
69
79
43
11
202
76
76
14
881
52
108
89
13
85
60
84
390
36
0
41
57
31
35
21
44
16
103
164
100
345
170
38
28
47
69
281
366
60
21
98
51
647
43
30
272
49
136
90
36
41
44
77
38
115
65
83
153
39
94
196
17
35
126
41
28
60
29
15
42
63
639
28
214
101
201
106
108
35
192
30
332
294
30
2
52
38
27
128
106
63
1159
34
20
162
74
0
63
83
427
53
79
264
48
181
300
16
212
258
104
92
38
86
75
42
49
149
168
21
188
17
84
61
25
80
224
26
42
56
26
273
455
758
105
27
112
21
33
56
12
135
57
113
131
70
23
77
30
260
137
75
49
186
59
20
45
92
46
21
104
71
142
98
43
125
105
92
38
59
69
162
26
100
51
283
17
36
103
35
98
35
54
93
684
88
30
87
31
321
123
975
50
170
62
1055
0
71
28
36
102
34
82
51
75
248
663
140
102
14
319
17
77
78
100
83
113
93
76
140
23
28
63
47
31
142
7
73
63
29
164
532
72
25
244
50
132
1337
109
21
139
51
58
63
14
72
43
114
73
79
78
164
198
263
106
45
16
38
42
44
651
98
598
119
28
315
96
46
83
31
298
32
376
36
6
33
25
154
35
521
52
847
67
784
86
35
153
46
68
63
275
36
234
202
23
87
110
34
266
34
71
71
257
38
84
23
7
79
103
123
56
51
165
76
89
58
84
15
393
720
66
42
110
56
21
2
29
123
95
96
22
166
28
164
28
120
35
332
29
60
264
21
22
82
271
47
56
60
679
1236
35
38
435
42
388
270
51
100
40
307
167
879
54
30
105
329
45
26
0
14
93
167
55
103
76
90
16
49
80
42
204
346
52
141
97
629
120
254
285
21
871
71
60
33
308
68
183
90
28
47
168
188
81
652
56
57
111
47
162
135
74
128
72
60
10
63
105
88
50
886
27
42
98
76
112
35
112
63
91
350
339
22
13
8
41
267
141
152
10
81
14
84
36
14
116
70
97
35
71
114
90
4
43
54
6
84
1448
18
0
32
143
159
140
124
18
13
624
88
770
0
28
114
24
15
30
272
428
251
568
290
35
175
22
34
69
401
299
952
20
233
29
449
21
98
32
596
94
50
28
63
35
759
35
155
81
97
128
559
19
252
66
32
14
43
671
325
72
98
130
293
34
290
160
40
197
319
85
350
85
13
20
56
21
180
17
140
49
28
23
108
63
82
54
34
53
35
69
56
33
168
27
110
353
50
49
158
165
86
25
53
30
32
88
0
18
152
337
26
19
57
54
20
20
14
458
0
534
147
114
66
205
60
37
70
118
66
0
139
4
34
105
429
23
42
98
80
56
182
44
30
141
79
136
51
10
128
89
15
102
172
47
0
56
23
855
104
36
133
67
63
61
277
24
9
47
84
84
28
23
607
104
18
35
84
48
54
32
191
47
17
15
46
421
80
309
108
0
0
51
29
10
0
34
18
43
392
22
97
75
141
44
42
55
163
67
162
103
39
34
47
90
13
61
412
99
67
87
323
68
316
49
33
20
78
60
120
34
341
28
68
102
83
23
243
240
90
470
796
62
305
45
113
64
65
439
346
10
91
101
36
55
8
150
63
212
15
825
1
45
154
0
22
330
72
154
105
134
41
34
33
49
102
0
7
686
21
79
563
33
28
120
81
112
89
52
332
58
1001
49
300
37
27
456
53
34
71
58
94
98
674
84
276
44
121
26
18
91
63
54
63
71
53
443
21
63
52
63
114
22
90
107
97
494
15
127
395
60
168
16
634
508
112
27
20
78
156
325
78
347
84
90
111
93
39
301
17
22
18
168
240
106
68
19
359
167
348
73
84
38
33
108
48
0
68
49
50
286
91
294
43
42
112
457
94
21
57
39
268
94
143
111
158
55
40
95
22
21
100
231
36
69
175
69
59
64
608
57
46
379
430
19
65
49
481
673
27
69
74
392
679
235
27
97
91
141
142
56
0
66
41
101
66
18
4
104
29
92
26
18
180
38
36
537
14
344
84
74
77
328
20
201
318
178
63
14
27
42
22
16
62
118
66
28
149
94
49
113
3
57
29
57
34
52
132
349
41
505
27
57
66
54
52
34
76
137
41
21
184
84
29
42
602
425
33
29
29
20
55
520
617
84
122
63
41
130
280
72
29
335
73
286
18
50
53
890
77
127
36
66
203
30
518
324
854
27
195
348
106
26
127
83
36
5
831
22
329
23
110
63
76
1
104
68
132
47
20
149
55
177
15
36
31
143
77
43
20
128
247
911
431
77
50
90
166
353
52
132
105
64
109
49
60
62
96
30
156
93
26
105
16
18
51
129
24
378
127
292
94
91
288
35
321
27
27
309
89
46
59
51
296
55
67
7
62
110
52
134
140
223
49
22
136
118
1266
284
91
65
97
40
91
107
30
36
73
50
17
90
99
214
43
55
33
40
299
184
30
20
66
454
40
42
135
80
123
124
133
42
33
357
98
181
57
67
32
147
46
79
69
97
962
147
65
81
180
291
373
61
40
0
21
76
23
104
105
20
14
0
14
76
92
106
96
16
39
198
36
34
28
36
616
70
29
66
76
52
85
634
87
96
24
154
59
225
115
36
125
20
91
58
42
28
211
85
116
28
1242
25
116
62
31
64
1108
27
202
279
117
22
650
31
780
23
84
108
26
26
409
89
105
90
63
34
132
79
140
253
44
46
33
489
25
301
26
126
409
143
109
206
76
38
68
6
86
1147
351
54
35
25
875
41
96
57
27
17
41
82
115
64
83
88
140
119
106
57
87
62
41
56
65
91
120
441
104
124
89
103
30
34
80
181
400
922
13
30
58
37
98
245
17
106
79
91
90
229
77
26
151
75
16
23
64
806
91
100
111
44
170
86
63
146
61
68
463
28
94
53
64
75
171
83
111
316
145
7
338
70
15
57
307
19
64
155
529
51
93
1105
25
22
102
314
85
70
14
399
104
11
91
32
42
94
34
134
903
45
57
181
69
288
84
288
366
111
70
92
82
30
45
16
38
107
137
749
104
30
278
539
61
169
30
386
135
98
0
26
309
27
28
49
26
40
25
27
86
67
50
14
22
27
231
80
23
101
190
408
197
28
42
40
68
88
90
182
35
227
133
29
43
91
152
22
232
193
18
77
479
56
15
34
145
172
52
38
213
24
113
63
39
9
106
78
52
79
36
111
77
33
62
45
726
77
330
814
118
49
10
28
35
540
126
58
51
118
183
14
42
74
161
17
77
935
122
0
45
18
84
49
85
199
34
681
113
30
235
701
86
77
105
27
25
22
28
169
91